-1.71211 -1.15795 1.15384 2.36718
-1.73201 -1.17155 1.12064 2.37239
-1.75081 -1.18885 1.08894 2.38002
-1.76931 -1.21035 1.05794 2.39053
-1.78841 -1.23545 1.02684 2.40399
-1.80861 -1.26255 0.995643 2.42
-1.83001 -1.28885 0.965043 2.43749
-1.85141 -1.31085 0.936643 2.45425
-1.87081 -1.32435 0.913143 2.46732
-1.88631 -1.32645 0.897143 2.47437
-1.89681 -1.31715 0.890443 2.47501
-1.90231 -1.30015 0.893143 2.47121
-1.90311 -1.28095 0.904443 2.4659
-1.89941 -1.26455 0.923443 2.46162
-1.89131 -1.25325 0.949543 2.45954
-1.87871 -1.24615 0.983843 2.45975
-1.86131 -1.23935 1.02744 2.46091
-1.83851 -1.22905 1.08104 2.46157
-1.80961 -1.21365 1.14244 2.46024
-1.77421 -1.19485 1.20624 2.45571
-1.73301 -1.17475 1.26614 2.44673
-1.68791 -1.15425 1.31734 2.43243
-1.64291 -1.13255 1.35784 2.41362
-1.60321 -1.10885 1.38694 2.39237
-1.57451 -1.08315 1.40514 2.37207
-1.56111 -1.05645 1.41394 2.35635
-1.56501 -1.02965 1.41574 2.34814
-1.58571 -1.00315 1.41464 2.34989
-1.62001 -0.97585 1.41644 2.36284
-1.66301 -0.94665 1.42734 2.38727
-1.71051 -0.91705 1.45004 2.42269
-1.75881 -0.89405 1.47964 2.46619
-1.80241 -0.89035 1.50264 2.50985
-1.83601 -0.91545 1.50574 2.54484
-1.86071 -0.96525 1.49014 2.57186
-1.88021 -1.02725 1.46684 2.59655
-1.89581 -1.09065 1.44354 2.62058
-1.90701 -1.14775 1.42344 2.64201
-1.91241 -1.19415 1.40634 2.65727
-1.91171 -1.22805 1.39084 2.66405
-1.90481 -1.25045 1.37474 2.66117
-1.89181 -1.26435 1.35534 2.64848
-1.87231 -1.27525 1.32924 2.62654
-1.84461 -1.28995 1.29194 2.59532
-1.80781 -1.31365 1.24174 2.55652
-1.76311 -1.34605 1.18384 2.51433
-1.71451 -1.38095 1.12974 2.47445
-1.66591 -1.41065 1.09064 2.44022
-1.62101 -1.42955 1.07194 2.41254
-1.58501 -1.43615 1.07254 2.39272
-1.56211 -1.43175 1.08754 2.38177
-1.55331 -1.41895 1.11034 2.37888
-1.55621 -1.40205 1.13344 2.38164
-1.56711 -1.38595 1.14964 2.38712
-1.58411 -1.37295 1.15534 2.39358
-1.60751 -1.36125 1.15124 2.40051
-1.63731 -1.34555 1.14214 2.40744
-1.67121 -1.31895 1.13574 2.41298
-1.70521 -1.27455 1.14084 2.41531
-1.73741 -1.21025 1.16304 2.41577
-1.76971 -1.13575 1.19834 2.42029
-1.80331 -1.07205 1.23494 2.4344
-1.83621 -1.04415 1.25904 2.45909
-1.86651 -1.06105 1.26644 2.4927
-1.89311 -1.10275 1.26994 2.53233
-1.91441 -1.14005 1.28774 2.57351
-1.92991 -1.15285 1.33174 2.61288
-1.94011 -1.14535 1.39304 2.64885
-1.94471 -1.13785 1.44834 2.67849
-1.94211 -1.15145 1.47544 2.69714
-1.93191 -1.18725 1.46664 2.70053
-1.91751 -1.22075 1.43564 2.68852
-1.90271 -1.22725 1.40534 2.66485
-1.89001 -1.19525 1.39484 2.63559
-1.87841 -1.13595 1.40364 2.60557
-1.86541 -1.07485 1.41834 2.57813
-1.84721 -1.03595 1.42444 2.55233
-1.82071 -1.03145 1.41464 2.52588
-1.78781 -1.05925 1.39664 2.50377
-1.75311 -1.10775 1.38534 2.49393
-1.72041 -1.16085 1.39124 2.49859
-1.69071 -1.20165 1.41804 2.51263
-1.66451 -1.22115 1.45834 2.52756
-1.64301 -1.22135 1.49494 2.53496
-1.62471 -1.21135 1.50944 2.52695
-1.60741 -1.20165 1.49174 2.5006
-1.59131 -1.19615 1.44614 2.46056
-1.57921 -1.19245 1.38684 2.41644
-1.57201 -1.18755 1.32914 2.37657
-1.56851 -1.17955 1.28534 2.34599
-1.56651 -1.16695 1.26414 2.32675
-1.56471 -1.15075 1.26844 2.3198
-1.56261 -1.13695 1.29374 2.32555
-1.55951 -1.13675 1.32704 2.34207
-1.55361 -1.16015 1.35424 2.36508
-1.54521 -1.20195 1.37054 2.38972
-1.53591 -1.24125 1.38164 2.41011
-1.52621 -1.26045 1.39284 2.42034
-1.51621 -1.25505 1.40244 2.41679
-1.50691 -1.22925 1.40384 2.39846
-1.49911 -1.19085 1.39114 2.36659
-1.49291 -1.14865 1.36154 2.32421
-1.48771 -1.11065 1.31594 2.27564
-1.48301 -1.08155 1.26024 2.22649
-1.47771 -1.06135 1.20574 2.18264
-1.46991 -1.04825 1.16644 2.14943
-1.45771 -1.04065 1.15324 2.13022
-1.44131 -1.03915 1.16874 2.12677
-1.42481 -1.04555 1.20854 2.14099
-1.41321 -1.06115 1.26534 2.17354
-1.41051 -1.08535 1.33154 2.22273
-1.41811 -1.11665 1.39914 2.28376
-1.43481 -1.15295 1.45984 2.34928
-1.45691 -1.19185 1.50544 2.41028
-1.47971 -1.22995 1.52954 2.45801
-1.49951 -1.26185 1.53014 2.48639
-1.51331 -1.28105 1.51134 2.49306
-1.51941 -1.28095 1.48214 2.47915
-1.51721 -1.25945 1.45154 2.44849
-1.50901 -1.22265 1.42404 2.40829
-1.49811 -1.18175 1.40154 2.36753
-1.48761 -1.14745 1.38504 2.33409
-1.47951 -1.12715 1.37514 2.3131
-1.47471 -1.12565 1.37174 2.30728
-1.47371 -1.14585 1.37264 2.3171
-1.47681 -1.18905 1.37444 2.34177
-1.48451 -1.25315 1.37414 2.37958
-1.49641 -1.32945 1.37164 2.42654
-1.51061 -1.40215 1.37184 2.47587
-1.52351 -1.45505 1.38094 2.51898
-1.53461 -1.48355 1.39704 2.55101
-1.54691 -1.49485 1.40904 2.57156
-1.56231 -1.49785 1.40554 2.58068
-1.58011 -1.49965 1.38074 2.57917
-1.59891 -1.50435 1.33504 2.56942
-1.61781 -1.51315 1.27464 2.55571
-1.63601 -1.52535 1.21124 2.54368
-1.65191 -1.53935 1.15904 2.53807
-1.66311 -1.55245 1.13204 2.54117
-1.66801 -1.56335 1.13794 2.55367
-1.66581 -1.57495 1.17334 2.57529
-1.65651 -1.59165 1.22554 2.60371
-1.63951 -1.61675 1.27614 2.63257
-1.61441 -1.64985 1.30804 2.65317
-1.58121 -1.68295 1.31514 2.65747
-1.54011 -1.70065 1.30694 2.6405
-1.48961 -1.68755 1.30094 2.59985
-1.42871 -1.64145 1.30564 2.53777
-1.35981 -1.57695 1.31444 2.46244
-1.28581 -1.51185 1.31974 2.38342
-1.20751 -1.45615 1.32014 2.30678
-1.12741 -1.41165 1.31984 2.23736
-1.05191 -1.37555 1.32504 2.18045
-0.989112 -1.34485 1.33974 2.14053
-0.945112 -1.31745 1.36534 2.11968
-0.923512 -1.29275 1.40144 2.11852
-0.925612 -1.27045 1.44614 2.13591
-0.950212 -1.25035 1.49714 2.16973
-0.993812 -1.23275 1.55104 2.21654
-1.04981 -1.21925 1.60314 2.27128
-1.10981 -1.21415 1.64634 2.32729
-1.16651 -1.22305 1.67284 2.37802
-1.21861 -1.24575 1.67964 2.42035
-1.26701 -1.27195 1.67374 2.4545
-1.31081 -1.28495 1.66964 2.48133
-1.34831 -1.26855 1.68354 2.50229
-1.37971 -1.22185 1.71804 2.51956
-1.40531 -1.16325 1.75604 2.53214
-1.42291 -1.11715 1.77204 2.53235
-1.43041 -1.09615 1.75274 2.51391
-1.43051 -1.09075 1.71744 2.4871
-1.42751 -1.08525 1.69514 2.4676
-1.42371 -1.06965 1.70334 2.46424
-1.42131 -1.04685 1.73804 2.47726
-1.42321 -1.02625 1.78214 2.50095
-1.42921 -1.01685 1.81524 2.52423
-1.43601 -1.02535 1.81984 2.53481
-1.44271 -1.05265 1.79014 2.52865
-1.45431 -1.09035 1.73664 2.51392
-1.47491 -1.12415 1.67774 2.50078
-1.50321 -1.13765 1.63364 2.49453
-1.53721 -1.12175 1.61594 2.49652
-1.57851 -1.08675 1.61534 2.5064
-1.62731 -1.05385 1.61164 2.52113
-1.68061 -1.04305 1.58594 2.53527
-1.73601 -1.06145 1.53444 2.54851
-1.79161 -1.09725 1.47454 2.56673
-1.84371 -1.13045 1.42934 2.59233
-1.88941 -1.14195 1.41734 2.6235
-1.92681 -1.13025 1.43834 2.65686
-1.95371 -1.11535 1.47024 2.68749
-1.97121 -1.12325 1.48434 2.7112
-1.98111 -1.16645 1.46484 2.72602
-1.98201 -1.22385 1.42514 2.73079
-1.97391 -1.26275 1.39034 2.72468
-1.95871 -1.26315 1.37954 2.70836
-1.93641 -1.23475 1.38584 2.68232
-1.90781 -1.20345 1.39044 2.64978
-1.87391 -1.19385 1.37974 2.61543
-1.83511 -1.21755 1.35024 2.58325
-1.79221 -1.26565 1.31394 2.5574
-1.74681 -1.31795 1.28984 2.54008
-1.69991 -1.35235 1.29604 2.52948
-1.65221 -1.36015 1.33644 2.52307
-1.60401 -1.35465 1.39564 2.52106
-1.55231 -1.35525 1.45104 2.5203
-1.49111 -1.37395 1.48524 2.51338
-1.41831 -1.40765 1.49644 2.49648
-1.33801 -1.44485 1.49484 2.47233
-1.25581 -1.47605 1.49034 2.44477
-1.17641 -1.49705 1.48814 2.41654
-1.10391 -1.50785 1.49014 2.39014
-1.04281 -1.51095 1.49734 2.36906
-0.997512 -1.51045 1.50994 2.3572
-0.971312 -1.50985 1.52864 2.35793
-0.965712 -1.51135 1.55374 2.37295
-0.980512 -1.51595 1.58534 2.40267
-1.01321 -1.52265 1.62304 2.44526
-1.05961 -1.52955 1.66534 2.49713
-1.11371 -1.53455 1.70964 2.55305
-1.16931 -1.53805 1.75054 2.60716
-1.22161 -1.54315 1.78084 2.65425
-1.26761 -1.55395 1.79434 2.69096
-1.30581 -1.56985 1.78994 2.71541
-1.33581 -1.58655 1.77124 2.72742
-1.35641 -1.59985 1.74404 2.72783
-1.36561 -1.60865 1.71454 2.71888
-1.36111 -1.61475 1.68754 2.7033
-1.34091 -1.62125 1.66674 2.68412
-1.30441 -1.63055 1.65294 2.66315
-1.25241 -1.64355 1.64534 2.64139
-1.18741 -1.65945 1.64124 2.61866
-1.11321 -1.67615 1.63764 2.59434
-1.03491 -1.69135 1.63224 2.56825
-0.958112 -1.70335 1.62354 2.54072
-0.888512 -1.71145 1.61174 2.51321
-0.831112 -1.71525 1.59874 2.48773
-0.789012 -1.71375 1.58794 2.46597
-0.762212 -1.70585 1.58244 2.44847
-0.747712 -1.69105 1.58344 2.43434
-0.741612 -1.67215 1.58844 2.42265
-0.740912 -1.65505 1.59164 2.41277
-0.746012 -1.64465 1.58874 2.40531
-0.760212 -1.64105 1.57994 2.4015
-0.786212 -1.64035 1.56844 2.40185
-0.823812 -1.63795 1.55724 2.40552
-0.869712 -1.63115 1.54864 2.4115
-0.918912 -1.61835 1.54504 2.4188
-0.965612 -1.59885 1.54964 2.42695
-1.00411 -1.57195 1.56644 2.43578
-1.03051 -1.53795 1.59884 2.44613
-1.04371 -1.49895 1.64644 2.45905
-1.04571 -1.46025 1.70354 2.47546
-1.03841 -1.43235 1.75894 2.49475
-1.02201 -1.43055 1.79844 2.51503
-0.997612 -1.45855 1.81484 2.53303
-0.971012 -1.49995 1.81314 2.54562
-0.946812 -1.53495 1.80274 2.54998
-0.925012 -1.55005 1.79184 2.54342
-0.905012 -1.54085 1.78414 2.52516
-0.890612 -1.51175 1.77784 2.49786
-0.887912 -1.47145 1.77004 2.4671
-0.902012 -1.42655 1.76024 2.43867
-0.935512 -1.38105 1.74984 2.41752
-0.988812 -1.33685 1.74114 2.40759
-1.05951 -1.29575 1.73684 2.41208
-1.14261 -1.25985 1.73844 2.43207
-1.23021 -1.23225 1.74414 2.46452
-1.31291 -1.21655 1.74724 2.50131
-1.38411 -1.21545 1.73944 2.53352
-1.44331 -1.22925 1.72114 2.56057
-1.49331 -1.25675 1.70084 2.58887
-1.53661 -1.29585 1.68534 2.62312
-1.57491 -1.34325 1.67654 2.66373
-1.60971 -1.39345 1.67354 2.70806
-1.64171 -1.43725 1.67674 2.75179
-1.67161 -1.46155 1.69044 2.7907
-1.70031 -1.45435 1.71994 2.82212
-1.72791 -1.41605 1.76244 2.84554
-1.75171 -1.36465 1.80164 2.85949
-1.76621 -1.33635 1.81034 2.86053
-1.76681 -1.35805 1.77524 2.8491
-1.75901 -1.39425 1.72984 2.8338
-1.75111 -1.39925 1.71224 2.82065
-1.74421 -1.36515 1.73164 2.81149
-1.73491 -1.31835 1.76954 2.807
-1.72171 -1.28095 1.81024 2.80751
-1.70351 -1.26605 1.84414 2.8117
-1.67961 -1.28145 1.86464 2.81782
-1.65141 -1.32585 1.86844 2.8242
-1.62221 -1.38945 1.85624 2.8298
-1.59591 -1.45925 1.83194 2.83414
-1.57311 -1.51935 1.80514 2.83578
-1.54801 -1.54555 1.80004 2.83288
-1.51301 -1.52405 1.83524 2.82489
-1.47491 -1.49155 1.87204 2.81151
-1.43981 -1.49495 1.85774 2.78552
-1.40991 -1.53005 1.79874 2.75034
-1.38451 -1.57115 1.73514 2.71958
-1.35911 -1.60285 1.69224 2.69814
-1.33051 -1.61885 1.67944 2.68541
-1.29981 -1.62365 1.69184 2.68106
-1.26961 -1.62635 1.71964 2.68591
-1.24151 -1.63275 1.75584 2.70004
-1.21571 -1.64565 1.79574 2.72228
-1.19231 -1.66515 1.83604 2.75052
-1.17021 -1.69035 1.87324 2.78131
-1.14791 -1.71885 1.90474 2.81073
-1.12281 -1.74685 1.92944 2.8346
-1.09151 -1.76895 1.94934 2.84965
-1.05011 -1.77975 1.96804 2.85367
-0.996512 -1.77925 1.98434 2.84541
-0.934212 -1.77245 1.99184 2.8252
-0.871712 -1.76325 1.98604 2.79523
-0.818712 -1.75325 1.96684 2.7591
-0.782612 -1.74235 1.93764 2.72079
-0.766912 -1.73015 1.90304 2.68386
-0.772412 -1.71605 1.86834 2.65182
-0.796712 -1.69935 1.83834 2.62717
-0.836012 -1.68035 1.81684 2.61216
-0.884312 -1.66015 1.80694 2.60828
-0.934612 -1.64115 1.81114 2.6167
-0.979212 -1.62635 1.83034 2.63705
-1.01151 -1.61915 1.86294 2.66746
-1.02681 -1.62295 1.90264 2.70339
-1.02271 -1.63955 1.93974 2.738
-1.00071 -1.66625 1.96724 2.76547
-0.967312 -1.69565 1.98484 2.78397
-0.931212 -1.71925 1.99594 2.79406
-0.900112 -1.73145 2.00284 2.79634
-0.878412 -1.72955 2.00714 2.79134
-0.868412 -1.71305 2.00964 2.77981
-0.870912 -1.68285 2.01084 2.76296
-0.885112 -1.64115 2.01124 2.7426
-0.908512 -1.59085 2.01154 2.72075
-0.935512 -1.53615 2.01174 2.69853
-0.957112 -1.48295 2.01054 2.67535
-0.961812 -1.43885 2.00494 2.64861
-0.941312 -1.41025 1.99404 2.61745
-0.896712 -1.39685 1.98404 2.58683
-0.836012 -1.39225 1.98354 2.56353
-0.769112 -1.38935 1.99694 2.55139
-0.704412 -1.38245 2.02424 2.55047
-0.648712 -1.36875 2.06234 2.55882
-0.607312 -1.34865 2.10594 2.57345
-0.585412 -1.32545 2.14724 2.5904
-0.585512 -1.30515 2.17674 2.6047
-0.604612 -1.29555 2.18484 2.61104
-0.633412 -1.30305 2.16534 2.60535
-0.662912 -1.32675 2.12074 2.58791
-0.689812 -1.35725 2.06284 2.56384
-0.714112 -1.38415 2.00534 2.53914
-0.736012 -1.40125 1.95844 2.51807
-0.755612 -1.40605 1.92784 2.5029
-0.772212 -1.39885 1.91624 2.49501
-0.785212 -1.38125 1.92414 2.49534
-0.793112 -1.35605 1.94904 2.50333
-0.793512 -1.32645 1.98584 2.51648
-0.782412 -1.29565 2.02664 2.52946
-0.756912 -1.26585 2.06374 2.53659
-0.718912 -1.23785 2.09284 2.53557
-0.676612 -1.21125 2.11324 2.52799
-0.640212 -1.18555 2.12474 2.51593
-0.618212 -1.16075 2.12624 2.50008
-0.614912 -1.13735 2.11554 2.47935
-0.630312 -1.11635 2.09094 2.45266
-0.660012 -1.09985 2.05174 2.41969
-0.697412 -1.09015 1.99834 2.38079
-0.737212 -1.08845 1.93404 2.33853
-0.775812 -1.09345 1.86514 2.29701
-0.810412 -1.10275 1.80034 2.26143
-0.837112 -1.11535 1.74734 2.23561
-0.851512 -1.13235 1.71194 2.22217
-0.850112 -1.15605 1.69614 2.22172
-0.831312 -1.18895 1.69784 2.23324
-0.795612 -1.23355 1.71164 2.25485
-0.746812 -1.28995 1.73274 2.28563
-0.693212 -1.35445 1.75964 2.32624
-0.646912 -1.42105 1.79354 2.37795
-0.619412 -1.48485 1.83404 2.4397
-0.617912 -1.54305 1.87924 2.50886
-0.644412 -1.59545 1.92514 2.58203
-0.693712 -1.64375 1.96624 2.65504
-0.752112 -1.69295 1.99434 2.72197
-0.802112 -1.74935 2.00014 2.77564
-0.839812 -1.81195 1.98104 2.813
-0.877412 -1.87155 1.94474 2.83806
-0.926112 -1.92125 1.90084 2.85694
-0.990312 -1.95925 1.85654 2.87509
-1.06791 -1.98725 1.81704 2.89676
-1.15171 -2.00805 1.78864 2.92539
-1.22901 -2.02115 1.78194 2.96156
-1.28551 -2.02125 1.81214 3.00364
-1.31511 -2.00655 1.88694 3.05226
-1.32381 -1.98365 1.99634 3.1101
-1.31811 -1.95685 2.12194 3.17322
-1.29921 -1.92845 2.24254 3.23046
-1.26241 -1.90875 2.33354 3.26839
-1.20221 -1.91145 2.37674 3.27838
-1.12321 -1.92745 2.38334 3.26451
-1.03741 -1.94155 2.37154 3.23574
-0.955412 -1.94905 2.35004 3.19911
-0.885112 -1.95195 2.32134 3.15945
-0.832312 -1.95395 2.28584 3.12021
-0.801312 -1.95785 2.24494 3.08464
-0.792812 -1.96325 2.20324 3.05568
-0.801512 -1.96325 2.17044 3.0344
-0.814912 -1.94475 2.16014 3.01867
-0.827612 -1.90285 2.17684 3.00739
-0.849812 -1.85105 2.20984 3.00532
-0.890212 -1.80605 2.24474 3.01549
-0.945412 -1.78125 2.26854 3.03528
-1.00481 -1.78685 2.27014 3.05876
-1.06341 -1.82145 2.24674 3.08162
-1.12301 -1.87175 2.20514 3.10278
-1.18391 -1.92505 2.15294 3.12132
-1.24301 -1.97465 2.09294 3.13444
-1.29551 -2.01835 2.02534 3.13912
-1.33581 -2.05585 1.94994 3.1326
-1.35771 -2.08555 1.86964 3.11263
-1.35371 -2.10315 1.79194 3.07682
-1.31891 -2.10445 1.72424 3.02345
-1.25831 -2.09375 1.66394 2.95564
-1.18451 -2.08005 1.60354 2.88115
-1.10961 -2.06795 1.53904 2.80647
-1.04341 -2.05755 1.47024 2.73566
-0.993912 -2.04595 1.39934 2.67057
-0.966412 -2.02965 1.32884 2.61137
-0.961212 -2.00515 1.26144 2.55652
-0.971212 -1.96955 1.19944 2.50221
-0.983212 -1.92035 1.14524 2.44254
-0.986212 -1.86045 1.09884 2.37515
-0.977412 -1.80355 1.05834 2.30829
-0.958212 -1.76725 1.02274 2.25551
-0.931312 -1.76245 0.992143 2.22664
-0.900112 -1.79155 0.966843 2.2259
-0.868612 -1.84945 0.947043 2.25207
-0.837712 -1.92445 0.932143 2.29655
-0.802912 -2.00025 0.921643 2.34416
-0.758212 -2.06245 0.915143 2.38035
-0.707912 -2.11085 0.911943 2.40592
-0.664912 -2.15275 0.910943 2.43028
-0.639712 -2.19295 0.910743 2.45921
-0.637812 -2.23175 0.910143 2.49316
-0.660312 -2.26725 0.908543 2.53019
-0.703412 -2.29555 0.905243 2.56589
-0.756712 -2.30905 0.900743 2.59146
-0.805612 -2.29745 0.895743 2.59415
-0.844212 -2.25805 0.890243 2.56983
-0.879312 -2.20285 0.882843 2.53084
-0.917312 -2.14825 0.872943 2.49369
-0.958512 -2.10735 0.861143 2.47007
-0.998512 -2.08995 0.849143 2.46697
-1.03101 -2.10155 0.838043 2.48632
-1.04941 -2.13945 0.828943 2.52302
-1.04601 -2.18575 0.822443 2.55892
-1.01291 -2.21325 0.819243 2.56819
-0.957212 -2.22085 0.818243 2.55303
-0.899212 -2.22665 0.816443 2.53636
-0.857012 -2.23765 0.811443 2.52982
-0.843912 -2.25215 0.801643 2.53515
-0.866912 -2.26675 0.785843 2.55093
-0.923712 -2.28115 0.763943 2.57692
-1.00141 -2.29485 0.736143 2.6098
-1.07821 -2.29975 0.703243 2.63552
-1.13181 -2.28255 0.663943 2.63284
-1.15761 -2.25355 0.617243 2.60759
-1.16411 -2.23965 0.565843 2.58677
-1.15941 -2.25345 0.514043 2.58583
-1.15001 -2.29305 0.466343 2.60731
-1.14161 -2.35015 0.427543 2.6475
-1.13621 -2.41565 0.400443 2.69939
-1.12951 -2.47755 0.383843 2.7498
-1.10931 -2.51925 0.371343 2.7776
-1.06811 -2.53205 0.358043 2.77134
-1.02011 -2.52565 0.350043 2.74628
-0.985512 -2.51015 0.354343 2.71986
-0.976512 -2.48935 0.372943 2.69991
-0.996812 -2.46365 0.404843 2.68833
-1.03881 -2.43105 0.446343 2.68111
-1.08011 -2.38475 0.489143 2.66326
-1.09271 -2.31625 0.524543 2.61422
-1.08201 -2.23715 0.553643 2.546
-1.06871 -2.16985 0.579643 2.48724
-1.06091 -2.13085 0.601543 2.45518
-1.05831 -2.12935 0.617243 2.45665
-1.05761 -2.16645 0.625643 2.49068
-1.05171 -2.23235 0.626743 2.54603
-1.02581 -2.30895 0.621243 2.60182
-0.975512 -2.38135 0.610143 2.64476
-0.930312 -2.44415 0.595343 2.68212
-0.924512 -2.49205 0.577943 2.72012
-0.973312 -2.52105 0.558643 2.75955
-1.06591 -2.53315 0.538343 2.80051
-1.16851 -2.53005 0.516443 2.8343
-1.24931 -2.50955 0.490543 2.84592
-1.31231 -2.48045 0.463443 2.84422
-1.37321 -2.45805 0.441043 2.84995
-1.43781 -2.45235 0.426743 2.87462
-1.50491 -2.46645 0.421443 2.91989
-1.56811 -2.49475 0.423343 2.97691
-1.61351 -2.51695 0.425043 3.01979
-1.62921 -2.50845 0.417043 3.02003
-1.62751 -2.48185 0.405643 2.99548
-1.62301 -2.46405 0.403043 2.97794
-1.62001 -2.46775 0.415143 2.98104
-1.61811 -2.49145 0.442043 3.0035
-1.61321 -2.51825 0.476643 3.0284
-1.59851 -2.51615 0.504943 3.02344
-1.57451 -2.47795 0.523843 2.98224
-1.54931 -2.43475 0.546143 2.93711
-1.52681 -2.40945 0.578943 2.91063
-1.50861 -2.40875 0.622443 2.90954
-1.49611 -2.42785 0.672643 2.93006
-1.48991 -2.44905 0.722843 2.95638
-1.48901 -2.44555 0.766143 2.96392
-1.49311 -2.41175 0.801143 2.9475
-1.50281 -2.37125 0.827643 2.92682
-1.51711 -2.34405 0.844443 2.91707
-1.53421 -2.33795 0.850643 2.92291
-1.55261 -2.35095 0.846543 2.9418
-1.57031 -2.36995 0.834443 2.96291
-1.58301 -2.37095 0.818843 2.96611
-1.58611 -2.34215 0.803043 2.94046
-1.58001 -2.30525 0.786243 2.90324
-1.56671 -2.28585 0.768443 2.8758
-1.54711 -2.29675 0.751043 2.86926
-1.52291 -2.33755 0.735143 2.8851
-1.49501 -2.39695 0.721743 2.91571
-1.46101 -2.45295 0.710543 2.94217
-1.41401 -2.48065 0.699943 2.93989
-1.35551 -2.47765 0.689043 2.90705
-1.29791 -2.46105 0.679643 2.86413
-1.25231 -2.44315 0.673543 2.82682
-1.22421 -2.42805 0.671343 2.80086
-1.21341 -2.41455 0.672843 2.7848
-1.21221 -2.39665 0.677143 2.76982
-1.20431 -2.36335 0.682743 2.73896
-1.17431 -2.30935 0.689243 2.68089
-1.12541 -2.24735 0.697443 2.60836
-1.06941 -2.19485 0.707043 2.54183
-1.01521 -2.16035 0.716443 2.4922
-0.969112 -2.14375 0.723843 2.46146
-0.936612 -2.14005 0.727843 2.4468
-0.920512 -2.14205 0.727443 2.44231
-0.917512 -2.14215 0.722943 2.43993
-0.915512 -2.13165 0.715643 2.42781
-0.901212 -2.10295 0.707043 2.39468
-0.876612 -2.05805 0.696743 2.34296
-0.855112 -2.00845 0.683643 2.28746
-0.845212 -1.96555 0.667943 2.24141
-0.848912 -1.93765 0.650243 2.21313
-0.864712 -1.93005 0.631543 2.20719
-0.890012 -1.94515 0.612643 2.2251
-0.920312 -1.98015 0.593843 2.26288
-0.946212 -2.02355 0.573343 2.30625
-0.951812 -2.05395 0.546143 2.32872
-0.931312 -2.06115 0.508843 2.31832
-0.901012 -2.06175 0.466943 2.29797
-0.877212 -2.07105 0.427543 2.28944
-0.868612 -2.09485 0.394643 2.30188
-0.877912 -2.13295 0.369843 2.33602
-0.903112 -2.18095 0.352343 2.38669
-0.934212 -2.22805 0.338243 2.43954
-0.952112 -2.25605 0.320443 2.46961
-0.947012 -2.25745 0.296443 2.46593
-0.936112 -2.24595 0.270843 2.44825
-0.937112 -2.23445 0.246643 2.43552
-0.957212 -2.22845 0.223643 2.43562
-0.997712 -2.22985 0.200943 2.45113
-1.05491 -2.23875 0.177143 2.48117
-1.11781 -2.25095 0.150343 2.51771
-1.16321 -2.25485 0.117343 2.53992
-1.16981 -2.23985 0.0745429 2.52803
-1.15051 -2.21535 0.0240429 2.4964
-1.12821 -2.19515 -0.0279571 2.46826
-1.11521 -2.18515 -0.0763571 2.45447
-1.11611 -2.18625 -0.117757 2.45749
-1.13171 -2.19655 -0.150357 2.47552
-1.15961 -2.21265 -0.174457 2.50419
-1.19201 -2.22795 -0.193457 2.53418
-1.21561 -2.23255 -0.214157 2.55105
-1.22031 -2.21685 -0.243557 2.54222
-1.21121 -2.17935 -0.280557 2.50905
-1.20051 -2.12475 -0.318657 2.46116
-1.19601 -2.05775 -0.354257 2.4063
-1.20011 -1.98255 -0.387457 2.34966
-1.21131 -1.90405 -0.420457 2.29553
-1.22461 -1.82885 -0.454557 2.24744
-1.23201 -1.76505 -0.487857 2.20709
-1.22451 -1.72055 -0.514657 2.17361
-1.19961 -1.69695 -0.531157 2.14495
-1.16641 -1.68765 -0.541357 2.12173
-1.13861 -1.68415 -0.551157 2.10632
-1.12671 -1.68065 -0.563257 2.10031
-1.13581 -1.67395 -0.578157 2.10391
-1.16651 -1.66275 -0.595757 2.1167
-1.21561 -1.64745 -0.615757 2.13798
-1.27631 -1.63045 -0.636657 2.16626
-1.33901 -1.61675 -0.654757 2.19899
-1.39341 -1.61385 -0.663257 2.23294
-1.43451 -1.62725 -0.658957 2.26715
-1.46381 -1.65595 -0.647357 2.30304
-1.48511 -1.69435 -0.638057 2.34169
-1.50061 -1.73685 -0.637257 2.38214
-1.51031 -1.77785 -0.648157 2.42113
-1.51221 -1.81055 -0.672857 2.45308
-1.50421 -1.82825 -0.712957 2.47254
-1.48641 -1.82875 -0.766357 2.47811
-1.45991 -1.81875 -0.823057 2.47318
-1.42321 -1.81265 -0.867457 2.46246
-1.37291 -1.82175 -0.888357 2.44803
-1.31351 -1.84095 -0.888657 2.42984
-1.25571 -1.85825 -0.876457 2.40792
-1.20851 -1.86695 -0.857057 2.38339
-1.17721 -1.86555 -0.833857 2.35827
-1.16411 -1.85545 -0.809357 2.33515
-1.16891 -1.83985 -0.786257 2.31724
-1.18911 -1.82275 -0.767357 2.30765
-1.22051 -1.80985 -0.755357 2.30993
-1.25671 -1.80855 -0.751157 2.32689
-1.29151 -1.82685 -0.752857 2.36054
-1.32101 -1.87045 -0.756857 2.41174
-1.34591 -1.93695 -0.761657 2.47858
-1.36871 -2.01485 -0.770657 2.55478
-1.38961 -2.08775 -0.789657 2.62931
-1.40591 -2.14045 -0.821757 2.6895
-1.41641 -2.16525 -0.860657 2.72677
-1.42261 -2.16105 -0.891357 2.73651
-1.42581 -2.13015 -0.899457 2.71652
-1.42761 -2.07725 -0.878157 2.66912
-1.43051 -2.00875 -0.829157 2.60172
-1.43731 -1.93215 -0.760557 2.52537
-1.44981 -1.85625 -0.684057 2.45266
-1.46711 -1.79045 -0.611057 2.39406
-1.48561 -1.74305 -0.551957 2.35583
-1.50051 -1.71965 -0.514957 2.33964
-1.50751 -1.71995 -0.505557 2.34231
-1.50461 -1.73735 -0.526257 2.35779
-1.49271 -1.76205 -0.575457 2.37995
-1.47731 -1.78775 -0.645357 2.40728
-1.46611 -1.81175 -0.722057 2.43993
-1.46521 -1.83185 -0.789657 2.47509
-1.47731 -1.84555 -0.834957 2.50712
-1.50181 -1.85015 -0.849357 2.5298
-1.53631 -1.84405 -0.829857 2.53957
-1.57701 -1.82595 -0.779657 2.53553
-1.61921 -1.79415 -0.708057 2.51836
-1.65741 -1.74795 -0.628357 2.48941
-1.68731 -1.69405 -0.550757 2.4536
-1.70501 -1.64775 -0.480657 2.41933
-1.70681 -1.62405 -0.423057 2.39368
-1.68991 -1.63105 -0.383657 2.37977
-1.65451 -1.66905 -0.366757 2.37858
-1.60511 -1.73185 -0.372657 2.39051
-1.54921 -1.80875 -0.398757 2.41467
-1.49611 -1.88795 -0.441257 2.44896
-1.45471 -1.95785 -0.496157 2.48908
-1.43221 -2.00905 -0.558757 2.52977
-1.43131 -2.03535 -0.623257 2.5651
-1.44771 -2.03625 -0.681257 2.58965
-1.46961 -2.01825 -0.719757 2.5983
-1.48161 -1.99355 -0.725957 2.58774
-1.47841 -1.96675 -0.699257 2.55788
-1.46781 -1.93065 -0.656857 2.51264
-1.45691 -1.88045 -0.618857 2.45798
-1.44671 -1.81945 -0.598057 2.40022
-1.43551 -1.75755 -0.599857 2.34723
-1.42071 -1.70615 -0.626057 2.3068
-1.40061 -1.67305 -0.677157 2.28459
-1.37591 -1.65965 -0.751057 2.2829
-1.34971 -1.66225 -0.842657 2.30106
-1.32651 -1.67455 -0.944157 2.33563
-1.30951 -1.69085 -1.04666 2.38103
-1.29931 -1.70755 -1.14086 2.43012
-1.29331 -1.72465 -1.21636 2.4752
-1.28701 -1.74525 -1.26326 2.50961
-1.27641 -1.77235 -1.27546 2.52928
-1.26181 -1.80375 -1.25416 2.5335
-1.24621 -1.83425 -1.20626 2.5244
-1.23361 -1.85995 -1.14046 2.50636
-1.22711 -1.88015 -1.06466 2.48481
-1.22841 -1.89615 -0.985457 2.46485
-1.23811 -1.91005 -0.908157 2.45071
-1.25451 -1.92335 -0.837257 2.44419
-1.27311 -1.93615 -0.776957 2.444
-1.28741 -1.94645 -0.731357 2.4456
-1.29421 -1.95275 -0.701257 2.4454
-1.29661 -1.95775 -0.682357 2.44532
-1.30091 -1.96685 -0.668257 2.45101
-1.31201 -1.98495 -0.653457 2.46747
-1.33251 -2.01425 -0.634157 2.49699
-1.36301 -2.05505 -0.607257 2.53964
-1.40341 -2.10535 -0.571057 2.59387
-1.45221 -2.15965 -0.526057 2.65513
-1.50571 -2.20625 -0.476657 2.71328
-1.55701 -2.22875 -0.429757 2.75251
-1.60281 -2.22085 -0.387257 2.76607
-1.64741 -2.19745 -0.345057 2.768
-1.69521 -2.17775 -0.300257 2.77606
-1.74711 -2.17415 -0.253457 2.80064
-1.80221 -2.19175 -0.206357 2.84505
-1.85711 -2.22525 -0.161157 2.90286
-1.90261 -2.25185 -0.120157 2.95046
-1.92711 -2.24445 -0.0837571 2.95945
-1.93801 -2.22045 -0.0500571 2.94768
-1.94801 -2.21315 -0.0176571 2.9484
-1.96201 -2.23735 0.0138429 2.9758
-1.98071 -2.28925 0.0449429 3.02752
-2.00001 -2.34415 0.0771429 3.08237
-2.01081 -2.35865 0.113443 3.10153
-2.01521 -2.32895 0.154743 3.08367
-2.02231 -2.29605 0.197843 3.06606
-2.03411 -2.28405 0.239643 3.06789
-2.04931 -2.29605 0.279143 3.09022
-2.06571 -2.31555 0.317643 3.11927
-2.08061 -2.31005 0.359543 3.12962
-2.09311 -2.27395 0.405543 3.11712
-2.10191 -2.24145 0.447943 3.10528
-2.10501 -2.23745 0.480243 3.10932
-2.10121 -2.26805 0.498643 3.13174
-2.09141 -2.32485 0.500843 3.16699
-2.07691 -2.38615 0.487643 3.2008
-2.05791 -2.42265 0.464343 3.21244
-2.03501 -2.42795 0.431943 3.19731
-2.01401 -2.42445 0.386343 3.17545
-2.00151 -2.43055 0.327543 3.16558
-2.00231 -2.45175 0.259643 3.17611
-2.01841 -2.48345 0.188943 3.20581
-2.04631 -2.50745 0.122843 3.2388
-2.07651 -2.49475 0.0666429 3.24655
-2.10681 -2.44395 0.0240429 3.22678
-2.14341 -2.38685 0.00144286 3.20801
-2.18761 -2.34875 0.00274286 3.20972
-2.23681 -2.34185 0.0276429 3.23856
-2.28731 -2.36535 0.0722429 3.29119
-2.33421 -2.40095 0.128843 3.35107
-2.37291 -2.41505 0.186443 3.39086
-2.40281 -2.40045 0.238343 3.40478
-2.42501 -2.38825 0.281643 3.41522
-2.43881 -2.40005 0.311443 3.43584
-2.44331 -2.43825 0.323043 3.46687
-2.43831 -2.48805 0.314243 3.49779
-2.42621 -2.51055 0.286343 3.50304
-2.41191 -2.46425 0.242643 3.45669
-2.39291 -2.38285 0.188343 3.38223
-2.36421 -2.31275 0.130843 3.30989
-2.32391 -2.27525 0.0763429 3.25317
-2.27291 -2.26995 0.0283429 3.21241
-2.21591 -2.27005 -0.0138571 3.17232
-2.15801 -2.22915 -0.0559571 3.1031
-2.09641 -2.15965 -0.0967571 3.01138
-2.02731 -2.11025 -0.129857 2.92916
-1.95171 -2.10275 -0.153757 2.87304
-1.87391 -2.13485 -0.169357 2.84567
-1.79901 -2.18825 -0.178857 2.83846
-1.72771 -2.23345 -0.185857 2.82981
-1.65691 -2.24585 -0.193557 2.79762
-1.59471 -2.22845 -0.202357 2.74773
-1.55651 -2.19345 -0.212957 2.69802
-1.55101 -2.14845 -0.226457 2.65946
-1.57681 -2.09855 -0.243557 2.6362
-1.62371 -2.04775 -0.264457 2.62672
-1.67121 -1.99325 -0.288457 2.6171
-1.69021 -1.92275 -0.314857 2.57932
-1.67001 -1.84165 -0.345157 2.50993
-1.62441 -1.78025 -0.381757 2.44003
-1.56561 -1.75645 -0.425357 2.39106
-1.50221 -1.76945 -0.474357 2.36909
-1.44301 -1.80805 -0.525557 2.37224
-1.39471 -1.85585 -0.576757 2.39208
-1.35911 -1.89495 -0.628557 2.41518
-1.33501 -1.90975 -0.684257 2.4285
-1.32341 -1.89395 -0.746057 2.42797
-1.32961 -1.85275 -0.811057 2.4204
-1.35621 -1.79725 -0.872457 2.41466
-1.40031 -1.73875 -0.923857 2.41612
-1.45571 -1.68665 -0.960657 2.42626
-1.51481 -1.64735 -0.981657 2.44378
-1.56901 -1.62485 -0.988657 2.46564
-1.60881 -1.61835 -0.987857 2.4866
-1.62381 -1.61935 -0.990757 2.49813
-1.60581 -1.61585 -1.00846 2.4913
-1.55541 -1.60975 -1.03896 2.4678
-1.48341 -1.61405 -1.06986 2.43932
-1.40381 -1.63635 -1.09176 2.41666
-1.32941 -1.67675 -1.10036 2.40616
-1.27101 -1.73105 -1.09506 2.41063
-1.23691 -1.79205 -1.07806 2.42973
-1.23291 -1.85015 -1.05396 2.46048
-1.25891 -1.89355 -1.02866 2.4957
-1.30441 -1.91035 -1.00866 2.52355
-1.35011 -1.89085 -0.998757 2.52896
-1.38901 -1.83845 -0.996957 2.51061
-1.43071 -1.77065 -0.995457 2.48457
-1.48031 -1.70615 -0.988457 2.46563
-1.53451 -1.66005 -0.975257 2.46203
-1.58441 -1.64415 -0.958557 2.47637
-1.62111 -1.66615 -0.942257 2.50837
-1.63911 -1.72675 -0.928557 2.5555
-1.63711 -1.81535 -0.917957 2.61118
-1.61291 -1.90995 -0.912457 2.6612
-1.56321 -1.98565 -0.917257 2.68845
-1.49631 -2.02995 -0.933057 2.68891
-1.43321 -2.04295 -0.954257 2.67177
-1.39251 -2.02685 -0.977057 2.6461
-1.38271 -1.98435 -0.999557 2.61699
-1.40271 -1.92165 -1.01846 2.58797
-1.44641 -1.84795 -1.02886 2.56234
-1.50621 -1.77375 -1.02696 2.54352
-1.57471 -1.70865 -1.01226 2.53454
-1.64281 -1.66015 -0.989357 2.53648
-1.69801 -1.63115 -0.967757 2.54567
-1.72621 -1.61465 -0.960057 2.5512
-1.71571 -1.59595 -0.977057 2.53877
-1.66841 -1.57625 -1.01866 2.51114
-1.60121 -1.57005 -1.07496 2.48686
-1.53321 -1.58395 -1.13516 2.47956
-1.47811 -1.61605 -1.19076 2.49286
-1.44311 -1.66245 -1.23576 2.52456
-1.43001 -1.71895 -1.26676 2.5699
-1.43781 -1.78145 -1.28186 2.62374
-1.46271 -1.84485 -1.28086 2.68022
-1.49721 -1.90165 -1.26546 2.73117
-1.52611 -1.94045 -1.24356 2.7642
-1.52731 -1.94915 -1.23036 2.76508
-1.49681 -1.92675 -1.23106 2.73282
-1.45471 -1.88685 -1.23346 2.68287
-1.41721 -1.84245 -1.22766 2.62874
-1.39171 -1.80195 -1.21056 2.57863
-1.38091 -1.77035 -1.18186 2.53729
-1.38591 -1.74995 -1.14226 2.50755
-1.40691 -1.74215 -1.09296 2.49179
-1.44221 -1.74555 -1.03656 2.49026
-1.48451 -1.75375 -0.980157 2.49802
-1.51791 -1.74895 -0.936357 2.49793
-1.52981 -1.71575 -0.913757 2.47368
-1.52851 -1.67295 -0.904257 2.43983
-1.52471 -1.64605 -0.899957 2.41747
-1.52281 -1.64775 -0.898257 2.4168
-1.52531 -1.68065 -0.898957 2.44116
-1.53551 -1.74135 -0.901957 2.49071
-1.55721 -1.82195 -0.907357 2.56275
-1.59081 -1.90935 -0.916657 2.64888
-1.62711 -1.98275 -0.932757 2.72925
-1.64861 -2.02065 -0.959957 2.77893
-1.65641 -2.02575 -0.996457 2.80005
-1.66871 -2.01675 -1.03496 2.81479
-1.69501 -2.00645 -1.06906 2.83581
-1.73551 -2.00115 -1.09426 2.86601
-1.78631 -2.00405 -1.10766 2.90414
-1.84091 -2.01595 -1.10776 2.94621
-1.88901 -2.03215 -1.09716 2.98358
-1.91251 -2.04025 -1.08496 2.99957
-1.89571 -2.02915 -1.08156 2.98009
-1.85071 -2.00695 -1.08196 2.9366
-1.79871 -1.98495 -1.07626 2.88682
-1.75371 -1.96695 -1.06046 2.84059
-1.72411 -1.95235 -1.03436 2.80252
-1.71501 -1.93995 -0.998657 2.77524
-1.72741 -1.92865 -0.954957 2.75963
-1.75431 -1.91735 -0.906457 2.75236
-1.77461 -1.90055 -0.859257 2.73855
-1.76301 -1.87075 -0.818057 2.69762
-1.72741 -1.83335 -0.780657 2.63715
-1.69401 -1.80105 -0.745757 2.58256
-1.67811 -1.78025 -0.715157 2.54888
-1.68491 -1.77255 -0.690457 2.54118
-1.71361 -1.77755 -0.672957 2.5591
-1.75711 -1.79235 -0.662557 2.59595
-1.79761 -1.80595 -0.656657 2.63136
-1.80811 -1.79685 -0.650457 2.63079
-1.78641 -1.75955 -0.643857 2.58879
-1.75711 -1.71395 -0.641057 2.53693
-1.73491 -1.67515 -0.643357 2.49599
-1.72431 -1.64995 -0.649757 2.47341
-1.72551 -1.64125 -0.658657 2.47081
-1.73641 -1.64925 -0.667757 2.48617
-1.75241 -1.66885 -0.675257 2.51236
-1.76201 -1.68365 -0.680957 2.53043
-1.74791 -1.66775 -0.687857 2.51192
-1.70991 -1.62015 -0.696657 2.45642
-1.66541 -1.56685 -0.702857 2.3922
-1.62611 -1.52525 -0.704157 2.33805
-1.59771 -1.50155 -0.700457 2.30173
-1.58351 -1.49635 -0.692657 2.28612
-1.58611 -1.50735 -0.681857 2.29189
-1.60641 -1.53005 -0.669457 2.31728
-1.64001 -1.55545 -0.657157 2.35391
-1.67181 -1.56675 -0.647257 2.38088
-1.68221 -1.54755 -0.641357 2.37404
-1.67361 -1.50765 -0.639657 2.34161
-1.66071 -1.46995 -0.642457 2.309
-1.65161 -1.44845 -0.650657 2.29111
-1.64881 -1.44895 -0.664857 2.29348
-1.65381 -1.47185 -0.685257 2.31754
-1.66831 -1.51425 -0.711357 2.36268
-1.69291 -1.57045 -0.742657 2.42565
-1.72221 -1.63045 -0.778857 2.4962
-1.73901 -1.67835 -0.822057 2.5528
-1.72681 -1.70195 -0.875157 2.57768
-1.69831 -1.70655 -0.934157 2.58248
-1.67601 -1.70175 -0.991657 2.58618
-1.67141 -1.69285 -1.04226 2.59724
-1.68671 -1.68255 -1.08326 2.61714
-1.71961 -1.67295 -1.11256 2.64454
-1.76481 -1.66515 -1.12976 2.6765
-1.81321 -1.65805 -1.13566 2.70677
-1.85001 -1.64675 -1.13346 2.72379
-1.85911 -1.62475 -1.12696 2.71406
-1.84091 -1.59285 -1.11666 2.67826
-1.81081 -1.56165 -1.10146 2.63268
-1.78221 -1.54095 -1.08136 2.59232
-1.76141 -1.53665 -1.05686 2.56531
-1.75091 -1.55145 -1.02896 2.55567
-1.75091 -1.58485 -0.998357 2.56401
-1.75821 -1.63155 -0.965957 2.58579
-1.76301 -1.67595 -0.934457 2.60581
-1.75061 -1.69305 -0.909357 2.59961
-1.72381 -1.67685 -0.892457 2.56512
-1.70201 -1.64775 -0.879757 2.52703
-1.69641 -1.62275 -0.867657 2.50279
-1.70971 -1.61055 -0.855757 2.49986
-1.74011 -1.61505 -0.844257 2.51975
-1.78401 -1.63655 -0.834457 2.56072
-1.83501 -1.66775 -0.828257 2.61432
-1.87951 -1.68695 -0.830757 2.65867
-1.90011 -1.66965 -0.846457 2.66733
-1.90021 -1.63305 -0.870857 2.65255
-1.89311 -1.60855 -0.898457 2.64169
-1.88681 -1.60985 -0.927357 2.64795
-1.88541 -1.63755 -0.956857 2.67431
-1.89271 -1.68615 -0.986557 2.72006
-1.91061 -1.74785 -1.01596 2.78165
-1.93571 -1.81395 -1.04456 2.85105
-1.95521 -1.87445 -1.07166 2.91288
-1.95141 -1.92115 -1.09606 2.94961
-1.93191 -1.95685 -1.11746 2.96821
-1.92291 -1.98605 -1.13606 2.98875
-1.94071 -2.00895 -1.15116 3.02116
-1.98661 -2.02505 -1.16066 3.06506
-2.04631 -2.03425 -1.16256 3.1108
-2.08821 -2.03655 -1.15776 3.13824
-2.08491 -2.03275 -1.15096 3.13107
-2.05561 -2.02455 -1.13916 3.10194
-2.03091 -2.01345 -1.11706 3.07024
-2.02551 -2.00025 -1.08376 3.04602
-2.04161 -1.98595 -1.04076 3.03238
-2.06891 -1.97115 -0.991957 3.02486
-2.08401 -1.95295 -0.944257 3.00811
-2.06891 -1.92605 -0.902557 2.96727
-2.04071 -1.89335 -0.864057 2.91477
-2.02471 -1.86265 -0.826457 2.87262
-2.03251 -1.83955 -0.790557 2.85307
-2.06481 -1.82745 -0.758257 2.85972
-2.11541 -1.82865 -0.731157 2.89024
-2.17261 -1.84225 -0.710457 2.93579
-2.21921 -1.85975 -0.695257 2.97774
-2.23761 -1.86715 -0.681857 2.99301
-2.22721 -1.86205 -0.669257 2.97919
-2.20291 -1.85615 -0.662757 2.9559
-2.17781 -1.85855 -0.666557 2.93962
-2.16031 -1.87175 -0.681857 2.93859
-2.15541 -1.89305 -0.707557 2.95467
-2.16301 -1.91495 -0.740157 2.98219
-2.17421 -1.92165 -0.774057 3.00318
-2.17551 -1.89515 -0.804457 2.99526
-2.17181 -1.83945 -0.833057 2.96552
-2.17881 -1.77585 -0.862857 2.9403
-2.20271 -1.72035 -0.894557 2.93458
-2.24221 -1.68205 -0.927757 2.95255
-2.29201 -1.66405 -0.962157 2.99134
-2.34321 -1.66025 -0.997857 3.04019
-2.38331 -1.65215 -1.03746 3.07995
-2.40561 -1.62655 -1.08396 3.09961
-2.41701 -1.59825 -1.13416 3.1117
-2.42501 -1.58595 -1.18176 3.12929
-2.43271 -1.59685 -1.22256 3.15637
-2.44141 -1.62825 -1.25376 3.19118
-2.45101 -1.67095 -1.27496 3.22878
-2.46011 -1.71015 -1.28826 3.26135
-2.46601 -1.72815 -1.29736 3.27886
-2.46831 -1.71875 -1.30236 3.27762
-2.46951 -1.69325 -1.29846 3.26368
-2.47171 -1.66725 -1.28116 3.24506
-2.47561 -1.65145 -1.24966 3.22763
-2.48071 -1.65045 -1.20516 3.21408
-2.48551 -1.66035 -1.15076 3.20294
-2.48611 -1.66425 -1.09046 3.18427
-2.47681 -1.64175 -1.02726 3.14407
-2.45681 -1.60385 -0.961757 3.08759
-2.42911 -1.58225 -0.895557 3.03416
-2.39591 -1.59435 -0.830057 2.99522
-2.35921 -1.63665 -0.765257 2.97155
-2.32051 -1.68875 -0.699257 2.95391
-2.27731 -1.72415 -0.628257 2.92464
-2.22981 -1.73185 -0.550057 2.87644
-2.18711 -1.72265 -0.468857 2.82326
-2.15761 -1.70815 -0.390557 2.77949
-2.14361 -1.69385 -0.319557 2.75069
-2.14291 -1.68095 -0.257957 2.73573
-2.15021 -1.66765 -0.206157 2.72891
-2.15711 -1.64885 -0.161457 2.71991
-2.15371 -1.61715 -0.118757 2.69587
-2.13321 -1.56955 -0.0751571 2.64948
-2.09791 -1.51285 -0.0336571 2.58671
-2.05331 -1.45725 -0.000157136 2.51787
-2.00391 -1.41025 0.0218429 2.4505
-1.95281 -1.37555 0.0313429 2.38885
-1.90211 -1.35385 0.0284429 2.3349
-1.85291 -1.34355 0.0148429 2.2888
-1.80391 -1.33995 -0.00625714 2.24713
-1.75131 -1.33585 -0.0291571 2.20282
-1.69151 -1.32455 -0.0481571 2.14894
-1.62961 -1.30515 -0.0615571 2.08874
-1.57871 -1.28185 -0.0712571 2.03483
-1.55081 -1.25845 -0.0790571 1.99874
-1.55281 -1.23665 -0.0862571 1.98695
-1.58611 -1.21655 -0.0930571 2.0011
-1.64661 -1.19635 -0.0985571 2.03772
-1.72501 -1.17285 -0.100157 2.08837
-1.81061 -1.14455 -0.0950571 2.14414
-1.89691 -1.11545 -0.0839571 2.20217
-1.98061 -1.09445 -0.0713571 2.26401
-2.05811 -1.08885 -0.0607571 2.32918
-2.12561 -1.10205 -0.0535571 2.39491
-2.17981 -1.13345 -0.0508571 2.45741
-2.21871 -1.17905 -0.0540571 2.51312
-2.24081 -1.23285 -0.0650571 2.55839
-2.24541 -1.28715 -0.0853571 2.58958
-2.23311 -1.33525 -0.115757 2.60443
-2.20781 -1.37265 -0.156557 2.60444
-2.17791 -1.39845 -0.208157 2.59659
-2.15531 -1.41335 -0.269557 2.59144
-2.15171 -1.41855 -0.338557 2.59938
-2.17471 -1.41595 -0.412757 2.62767
-2.22431 -1.41005 -0.489857 2.67876
-2.29211 -1.40835 -0.567657 2.74945
-2.36191 -1.41725 -0.642757 2.82849
-2.41041 -1.43545 -0.709757 2.89385
-2.41331 -1.45405 -0.763657 2.91916
-2.37051 -1.47675 -0.805057 2.90658
-2.30531 -1.51625 -0.839257 2.88406
-2.24081 -1.57445 -0.871757 2.87404
-2.19481 -1.64505 -0.905957 2.88862
-2.17851 -1.72075 -0.943657 2.93213
-2.19221 -1.79565 -0.984157 2.99978
-2.21621 -1.86225 -1.02386 3.07048
-2.21061 -1.90975 -1.05896 3.1073
-2.17121 -1.93985 -1.09116 3.10931
-2.13891 -1.96395 -1.12086 3.11261
-2.13741 -1.98675 -1.14576 3.13504
-2.17131 -2.01065 -1.16276 3.17951
-2.23441 -2.03745 -1.16896 3.24196
-2.30871 -2.06755 -1.16406 3.31057
-2.35541 -2.09795 -1.15856 3.3603
-2.34561 -2.12675 -1.16586 3.37405
-2.31581 -2.15665 -1.17056 3.37406
-2.29801 -2.18785 -1.15686 3.37726
-2.30271 -2.21855 -1.11976 3.38796
-2.33001 -2.24785 -1.06026 3.40674
-2.36681 -2.27585 -0.986757 3.42856
-2.37321 -2.30405 -0.921357 3.43361
-2.31861 -2.33375 -0.878257 3.40495
-2.25491 -2.36035 -0.837657 3.37009
-2.22501 -2.37765 -0.789957 3.35081
-2.24511 -2.38235 -0.735457 3.35515
-2.30421 -2.37575 -0.678957 3.37855
-2.34481 -2.36415 -0.629857 3.38882
-2.31161 -2.35195 -0.589957 3.35012
-2.28151 -2.33225 -0.553457 3.30923
-2.29961 -2.30115 -0.521057 3.29469
-2.36791 -2.25955 -0.494557 3.31017
-2.45391 -2.21115 -0.472857 3.33684
-2.48561 -2.15575 -0.441157 3.31965
-2.46361 -2.09135 -0.395657 3.25572
-2.45121 -2.02355 -0.358757 3.19873
-2.47121 -1.95605 -0.341957 3.17016
-2.52401 -1.89135 -0.348757 3.17325
-2.59851 -1.83105 -0.375757 3.20097
-2.66941 -1.77045 -0.405757 3.22876
-2.70741 -1.69505 -0.410357 3.22051
-2.72321 -1.61435 -0.398357 3.19072
-2.73521 -1.55445 -0.394857 3.17074
-2.74771 -1.53095 -0.409457 3.17197
-2.76031 -1.54635 -0.441257 3.19456
-2.77051 -1.58635 -0.480157 3.22844
-2.76871 -1.61305 -0.504857 3.24386
-2.75161 -1.59935 -0.508057 3.22295
-2.73631 -1.57525 -0.510657 3.19837
-2.73301 -1.56645 -0.523157 3.19324
-2.74461 -1.57985 -0.546357 3.21361
-2.77071 -1.60935 -0.578357 3.25596
-2.80611 -1.62745 -0.615657 3.3018
-2.84091 -1.58185 -0.658557 3.31763
-2.87631 -1.48955 -0.710757 3.31619
-2.91301 -1.41295 -0.768757 3.32761
-2.94701 -1.38355 -0.830057 3.35978
-2.97621 -1.40705 -0.893557 3.41117
-3.00181 -1.46275 -0.958657 3.47412
-3.02731 -1.49285 -1.03026 3.52911
-3.05471 -1.45665 -1.11066 3.56183
-3.08211 -1.41045 -1.18566 3.59091
-3.10751 -1.39145 -1.24846 3.62649
-3.13091 -1.40755 -1.29616 3.66931
-3.15301 -1.45305 -1.32496 3.71595
-3.17461 -1.50935 -1.32936 3.75812
-3.19411 -1.53715 -1.30636 3.77779
-3.20781 -1.50835 -1.25616 3.76073
-3.21751 -1.46485 -1.18636 3.72902
-3.22511 -1.44975 -1.10736 3.70532
-3.23071 -1.48035 -1.02586 3.69882
-3.23301 -1.54985 -0.943657 3.70741
-3.22691 -1.61485 -0.859157 3.70929
-3.19971 -1.60105 -0.770257 3.65989
-3.15941 -1.54535 -0.682057 3.58262
-3.11721 -1.50485 -0.600057 3.51306
-3.07591 -1.49545 -0.527257 3.46058
-3.03501 -1.50825 -0.466057 3.42101
-2.98921 -1.50715 -0.417157 3.37356
-2.92981 -1.44585 -0.376557 3.28878
-2.86271 -1.35575 -0.345457 3.1863
-2.79461 -1.28355 -0.325457 3.09245
-2.72751 -1.24815 -0.315657 3.0161
-2.66361 -1.25065 -0.314657 2.95938
-2.60711 -1.28065 -0.321757 2.92243
-2.56101 -1.31625 -0.333457 2.8987
-2.52211 -1.32735 -0.341657 2.87048
-2.48711 -1.30165 -0.341557 2.82784
-2.46211 -1.25685 -0.338057 2.78495
-2.45191 -1.21165 -0.336557 2.75558
-2.45561 -1.17655 -0.338457 2.74387
-2.46921 -1.15735 -0.343357 2.74852
-2.48801 -1.15655 -0.349757 2.76589
-2.50571 -1.17175 -0.355057 2.78884
-2.51151 -1.19135 -0.354357 2.80224
-2.48791 -1.19515 -0.340657 2.78103
-2.43041 -1.17745 -0.312657 2.71865
-2.35901 -1.15455 -0.276457 2.6409
-2.29361 -1.13775 -0.237257 2.57127
-2.24611 -1.12895 -0.197157 2.52159
-2.22171 -1.12735 -0.156957 2.49631
-2.21971 -1.13135 -0.116757 2.49413
-2.23131 -1.13685 -0.0747571 2.50535
-2.23551 -1.13255 -0.0257571 2.50616
-2.21131 -1.10585 0.0365429 2.47268
-2.16641 -1.06505 0.108243 2.41648
-2.12121 -1.02825 0.179943 2.36415
-2.08711 -1.00625 0.244243 2.32985
-2.06811 -1.00325 0.296943 2.31771
-2.06451 -1.01975 0.335643 2.32696
-2.07381 -1.05405 0.359543 2.35393
-2.09081 -1.10125 0.369943 2.39188
-2.10591 -1.15145 0.370943 2.42864
-2.10611 -1.19075 0.370543 2.44763
-2.08441 -1.21005 0.374343 2.43908
-2.04721 -1.21495 0.377643 2.41035
-2.00501 -1.21565 0.372143 2.3741
-1.96521 -1.21935 0.352843 2.33952
-1.93211 -1.22875 0.318743 2.31181
-1.90801 -1.24405 0.270743 2.29379
-1.89411 -1.26225 0.211543 2.28597
-1.88901 -1.27655 0.146843 2.28462
-1.88711 -1.27495 0.0854429 2.27903
-1.88091 -1.24645 0.0346429 2.25669
-1.87321 -1.19455 -0.00805714 2.2217
-1.87471 -1.13345 -0.0494571 2.19128
-1.89141 -1.07665 -0.0933571 2.17838
-1.92231 -1.03325 -0.140857 2.18694
-1.96281 -1.01025 -0.191557 2.21583
-2.00721 -1.01245 -0.244957 2.2614
-2.05131 -1.04185 -0.300957 2.32032
-2.09311 -1.09565 -0.359357 2.38971
-2.13081 -1.16385 -0.420257 2.46404
-2.15791 -1.22955 -0.483157 2.53018
-2.16681 -1.27575 -0.546557 2.57319
-2.16661 -1.29885 -0.609757 2.59866
-2.17971 -1.30545 -0.672457 2.62822
-2.22081 -1.30245 -0.733857 2.67711
-2.29161 -1.29605 -0.793157 2.7496
-2.38491 -1.29195 -0.848757 2.84206
-2.48711 -1.29215 -0.899357 2.9435
-2.57881 -1.29115 -0.944757 3.03478
-2.64131 -1.27935 -0.986557 3.09622
-2.67451 -1.25925 -1.02486 3.12875
-2.69291 -1.24495 -1.05686 3.14938
-2.70741 -1.24585 -1.07986 3.16991
-2.72181 -1.26395 -1.09306 3.19384
-2.73291 -1.29395 -1.09776 3.21686
-2.72831 -1.32145 -1.09916 3.22461
-2.69241 -1.32865 -1.10566 3.19952
-2.63271 -1.31665 -1.11666 3.14828
-2.57201 -1.29835 -1.12546 3.09316
-2.52521 -1.27995 -1.12866 3.04776
-2.49881 -1.26115 -1.12656 3.01723
-2.49361 -1.23875 -1.12096 3.00152
-2.50481 -1.20845 -1.11516 2.99633
-2.52281 -1.16425 -1.11386 2.99345
-2.53901 -1.10385 -1.12146 2.98709
-2.54941 -1.03605 -1.13916 2.97835
-2.55231 -0.97665 -1.16716 2.9716
-2.54581 -0.93835 -1.20716 2.96966
-2.52891 -0.92585 -1.26056 2.97348
-2.50301 -0.93615 -1.32676 2.98358
-2.47131 -0.96125 -1.40386 3.00037
-2.43761 -0.99185 -1.48916 3.02379
-2.40571 -1.01885 -1.57986 3.0531
-2.37921 -1.03435 -1.67036 3.08555
-2.36061 -1.03375 -1.75156 3.11594
-2.35061 -1.01785 -1.81146 3.13732
-2.34701 -0.99295 -1.83906 3.1427
-2.34731 -0.96655 -1.82796 3.12818
-2.35201 -0.94065 -1.77936 3.09563
-2.36531 -0.91115 -1.70186 3.05307
-2.39001 -0.87355 -1.60926 3.01081
-2.42431 -0.82765 -1.51676 2.97705
-2.46201 -0.77775 -1.43696 2.95487
-2.49611 -0.73285 -1.37796 2.94388
-2.52011 -0.70345 -1.34386 2.94139
-2.53021 -0.69715 -1.33576 2.94487
-2.52611 -0.71535 -1.35096 2.95263
-2.51171 -0.75325 -1.38376 2.96494
-2.49241 -0.80315 -1.42686 2.98213
-2.47351 -0.85725 -1.47406 3.00433
-2.45841 -0.90855 -1.52036 3.02997
-2.44861 -0.95155 -1.56126 3.05592
-2.44311 -0.98225 -1.59156 3.07679
-2.43811 -1.00015 -1.60336 3.08471
-2.42671 -1.00855 -1.58646 3.06968
-2.40331 -1.01125 -1.53446 3.02541
-2.37101 -1.00495 -1.45436 2.9575
-2.33801 -0.97925 -1.36496 2.87895
-2.31041 -0.92605 -1.28476 2.8011
-2.29411 -0.84955 -1.22076 2.73403
-2.29371 -0.76335 -1.17306 2.68698
-2.30761 -0.68115 -1.14286 2.66367
-2.32881 -0.61355 -1.13446 2.6621
-2.34861 -0.56745 -1.15306 2.67722
-2.36141 -0.54515 -1.20206 2.70525
-2.36731 -0.54445 -1.27936 2.74542
-2.37021 -0.55915 -1.37696 2.7976
-2.37511 -0.58135 -1.48356 2.86008
-2.38481 -0.60445 -1.58776 2.92808
-2.39931 -0.62305 -1.67816 2.99351
-2.41591 -0.63385 -1.74426 3.04645
-2.43031 -0.63485 -1.77666 3.07668
-2.43931 -0.62475 -1.76876 3.07718
-2.44221 -0.60195 -1.72166 3.04809
-2.44181 -0.56645 -1.64516 2.99831
-2.44061 -0.52185 -1.55556 2.94086
-2.43761 -0.47395 -1.47226 2.88689
-2.42791 -0.42895 -1.41406 2.84224
-2.40751 -0.39385 -1.39316 2.80929
-2.37781 -0.37655 -1.41216 2.79105
-2.34471 -0.38095 -1.46566 2.79123
-2.31591 -0.40545 -1.54216 2.81178
-2.29621 -0.44505 -1.62586 2.84852
-2.28441 -0.49465 -1.69846 2.88929
-2.27381 -0.55085 -1.74356 2.91782
-2.26151 -0.60965 -1.75276 2.92545
-2.25081 -0.66395 -1.72586 2.913
-2.24591 -0.70705 -1.66596 2.88435
-2.24951 -0.73525 -1.57756 2.84422
-2.26281 -0.74635 -1.46966 2.79951
-2.28391 -0.73655 -1.35876 2.75771
-2.30551 -0.69905 -1.26856 2.72274
-2.32091 -0.63715 -1.21316 2.69524
-2.33031 -0.57355 -1.18776 2.6777
-2.33361 -0.53235 -1.18366 2.67024
-2.32791 -0.53005 -1.19206 2.66854
-2.31241 -0.57135 -1.20476 2.66929
-2.29041 -0.64855 -1.21786 2.67391
-2.26771 -0.74655 -1.23086 2.68605
-2.24991 -0.85025 -1.24266 2.70725
-2.24191 -0.94685 -1.25106 2.73639
-2.24561 -1.02555 -1.25506 2.76942
-2.25851 -1.07605 -1.25796 2.80022
-2.27171 -1.08795 -1.26906 2.82043
-2.27721 -1.05345 -1.29616 2.82409
-2.28051 -0.97665 -1.33226 2.81594
-2.29031 -0.87355 -1.36416 2.80527
-2.30651 -0.76295 -1.38286 2.79542
-2.32161 -0.66025 -1.38396 2.78229
-2.32951 -0.57305 -1.36826 2.76173
-2.33261 -0.50175 -1.34446 2.73869
-2.33551 -0.44515 -1.32256 2.72065
-2.34011 -0.40255 -1.30916 2.71147
-2.34451 -0.37315 -1.30766 2.71034
-2.34381 -0.35625 -1.31756 2.71225
-2.32961 -0.35225 -1.33336 2.70721
-2.29321 -0.36295 -1.34596 2.68368
-2.23441 -0.38735 -1.35076 2.63954
-2.16491 -0.41815 -1.35206 2.58646
-2.09801 -0.44585 -1.35446 2.53673
-2.04321 -0.46415 -1.35936 2.4976
-2.00581 -0.46965 -1.36586 2.47172
-1.98821 -0.46165 -1.37206 2.4594
-1.98831 -0.44235 -1.37516 2.45767
-1.99871 -0.41965 -1.36996 2.45922
-2.00721 -0.40695 -1.34786 2.45178
-2.00461 -0.41255 -1.30576 2.42769
-1.99261 -0.42795 -1.25586 2.39391
-1.97721 -0.44075 -1.21436 2.36184
-1.96291 -0.44415 -1.19186 2.33898
-1.95191 -0.43545 -1.19346 2.32893
-1.94411 -0.41405 -1.22046 2.33249
-1.93761 -0.38055 -1.27106 2.34835
-1.92831 -0.33795 -1.33856 2.37157
-1.91021 -0.29095 -1.41126 2.39274
-1.88021 -0.24375 -1.47606 2.40278
-1.84581 -0.19595 -1.52576 2.40278
-1.82261 -0.14585 -1.55856 2.40256
-1.82351 -0.0936501 -1.57446 2.41099
-1.85321 -0.0407501 -1.57586 2.43298
-1.90831 0.0111499 -1.56966 2.47095
-1.97981 0.0604499 -1.56516 2.52449
-2.05581 0.10575 -1.57226 2.59028
-2.12371 0.14615 -1.59726 2.66134
-2.17101 0.18185 -1.63796 2.72567
-2.18521 0.21375 -1.67976 2.76449
-2.16201 0.24315 -1.70856 2.76633
-2.11461 0.27075 -1.72826 2.74441
-2.06251 0.29715 -1.74716 2.71934
-2.02051 0.32305 -1.76686 2.70345
-1.99861 0.34915 -1.78406 2.70171
-1.99961 0.37605 -1.79316 2.71206
-2.01571 0.40345 -1.78476 2.72236
-2.02811 0.42955 -1.74466 2.70954
-2.02731 0.45405 -1.67096 2.66613
-2.02301 0.48005 -1.58456 2.61416
-2.02281 0.51085 -1.50646 2.57335
-2.02671 0.54815 -1.45026 2.55172
-2.03131 0.59225 -1.42276 2.54975
-2.03281 0.64275 -1.42456 2.56414
-2.02481 0.69835 -1.44676 2.5847
-1.99561 0.75905 -1.47066 2.59258
-1.93771 0.82605 -1.48096 2.57494
-1.86761 0.89625 -1.48156 2.54681
-1.80831 0.96295 -1.47766 2.52601
-1.77331 1.02165 -1.46856 2.51894
-1.76741 1.07045 -1.45276 2.52589
-1.78901 1.10865 -1.43006 2.54455
-1.83021 1.13735 -1.40096 2.5702
-1.87391 1.16385 -1.36266 2.59286
-1.89641 1.20245 -1.30726 2.59831
-1.88941 1.25885 -1.23556 2.5848
-1.86671 1.32295 -1.16526 2.56761
-1.84201 1.38535 -1.11146 2.55882
-1.82481 1.44115 -1.08146 2.56445
-1.82181 1.48615 -1.07806 2.58647
-1.83641 1.51755 -1.10126 2.62452
-1.86781 1.53525 -1.14716 2.67613
-1.90781 1.54415 -1.20496 2.73424
-1.94081 1.55525 -1.25516 2.78585
-1.95251 1.57905 -1.27816 2.81769
-1.94671 1.60805 -1.27726 2.82965
-1.93641 1.62665 -1.26586 2.82809
-1.93031 1.62655 -1.25256 2.81792
-1.93181 1.60595 -1.24066 2.80182
-1.94131 1.56655 -1.23196 2.78217
-1.95741 1.51075 -1.22826 2.76088
-1.97731 1.44115 -1.23196 2.73941
-1.99651 1.36055 -1.24566 2.71824
-2.00901 1.27365 -1.26906 2.69607
-2.00491 1.18895 -1.29416 2.66611
-1.97181 1.11685 -1.30376 2.61442
-1.90951 1.05885 -1.29406 2.53811
-1.83631 1.00855 -1.27966 2.45494
-1.77121 0.96255 -1.26996 2.38254
-1.72691 0.92085 -1.26466 2.33014
-1.71101 0.88425 -1.26066 2.30189
-1.72571 0.85405 -1.25756 2.29977
-1.76771 0.83085 -1.25916 2.32392
-1.82781 0.81615 -1.27066 2.37099
-1.88841 0.81235 -1.29106 2.42752
-1.92241 0.82545 -1.30236 2.46438
-1.91241 0.86155 -1.28886 2.46186
-1.87591 0.91475 -1.27256 2.44442
-1.83351 0.97465 -1.27176 2.43497
-1.79631 1.03365 -1.28816 2.44019
-1.77081 1.08695 -1.31716 2.46011
-1.76041 1.13165 -1.35336 2.49224
-1.76681 1.16515 -1.39276 2.53357
-1.78901 1.18585 -1.43126 2.57979
-1.82171 1.19415 -1.46266 2.62374
-1.85021 1.19665 -1.47356 2.65078
-1.85051 1.20845 -1.44326 2.63965
-1.81881 1.23115 -1.36916 2.58813
-1.77591 1.25285 -1.27106 2.51775
-1.73711 1.27085 -1.16366 2.44678
-1.70761 1.28975 -1.05476 2.38577
-1.68781 1.31545 -0.948957 2.34086
-1.67441 1.35135 -0.850557 2.31371
-1.66091 1.39455 -0.766157 2.30008
-1.63601 1.43205 -0.705757 2.28591
-1.59121 1.45045 -0.675957 2.25669
-1.53681 1.45375 -0.669957 2.21901
-1.49161 1.45205 -0.677157 2.18904
-1.46801 1.45025 -0.691657 2.17639
-1.47091 1.44905 -0.710857 2.18372
-1.50031 1.44855 -0.733357 2.21067
-1.55351 1.44925 -0.757957 2.25571
-1.62581 1.45195 -0.783757 2.3164
-1.71041 1.45735 -0.810557 2.3888
-1.79931 1.46625 -0.838457 2.46788
-1.88361 1.47845 -0.867657 2.54689
-1.95561 1.49355 -0.897657 2.61933
-2.00891 1.51045 -0.925557 2.6784
-2.03891 1.52875 -0.945057 2.71797
-2.04251 1.55015 -0.947757 2.73369
-2.01701 1.57575 -0.928357 2.72271
-1.96041 1.59945 -0.892557 2.68293
-1.87241 1.61005 -0.854657 2.61316
-1.76151 1.60575 -0.821857 2.52127
-1.64671 1.59405 -0.793057 2.4252
-1.54841 1.58055 -0.766357 2.34158
-1.48051 1.56705 -0.741257 2.2797
-1.45001 1.55435 -0.717557 2.24353
-1.45881 1.54335 -0.695257 2.2346
-1.50501 1.53595 -0.674857 2.2538
-1.58231 1.53525 -0.657657 2.3007
-1.67991 1.54415 -0.647157 2.37177
-1.78261 1.56275 -0.650657 2.4583
-1.87431 1.58505 -0.680257 2.54719
-1.94511 1.60135 -0.747657 2.62807
-1.99731 1.61105 -0.850157 2.70324
-2.03841 1.62065 -0.969957 2.77893
-2.07161 1.63505 -1.08426 2.85317
-2.09431 1.65765 -1.17096 2.91635
-2.10251 1.68875 -1.21536 2.95796
-2.09791 1.72015 -1.21656 2.97324
-2.08601 1.74245 -1.18186 2.96384
-2.07121 1.75135 -1.12096 2.93491
-2.05471 1.74695 -1.04586 2.89266
-2.03551 1.73015 -0.968857 2.84172
-2.01301 1.70375 -0.899957 2.78656
-1.98841 1.67435 -0.846157 2.73372
-1.96381 1.65025 -0.811857 2.69054
-1.94061 1.63775 -0.800057 2.66238
-1.91911 1.63965 -0.811657 2.65146
-1.89931 1.65595 -0.844157 2.65747
-1.88131 1.68605 -0.891557 2.67899
-1.86431 1.73035 -0.943057 2.71277
-1.84741 1.79025 -0.985257 2.75475
-1.83011 1.86215 -1.01026 2.79956
-1.81461 1.93295 -1.01896 2.84031
-1.80351 1.98655 -1.01486 2.86862
-1.79881 2.01185 -1.00046 2.87823
-1.80121 2.00415 -0.977957 2.8666
-1.81061 1.96385 -0.950357 2.83517
-1.82661 1.89615 -0.920957 2.78927
-1.84741 1.81125 -0.892857 2.73692
-1.86921 1.72415 -0.868257 2.6871
-1.88551 1.65205 -0.848257 2.6465
-1.88951 1.60925 -0.834257 2.61838
-1.87801 1.60175 -0.829357 2.60391
-1.85351 1.62655 -0.837357 2.60429
-1.82201 1.67375 -0.859157 2.61903
-1.78941 1.72995 -0.892857 2.64422
-1.75871 1.78125 -0.935457 2.67226
-1.72971 1.81555 -0.983157 2.69346
-1.70031 1.82445 -1.02936 2.69801
-1.66811 1.80515 -1.06546 2.67887
-1.63291 1.75975 -1.08466 2.63431
-1.59631 1.69425 -1.08466 2.56811
-1.56161 1.61645 -1.06756 2.48822
-1.53161 1.53375 -1.03736 2.40298
-1.50831 1.45245 -0.998657 2.3199
-1.49181 1.37705 -0.956757 2.24436
-1.48061 1.31105 -0.916757 2.17979
-1.47191 1.25675 -0.883657 2.12763
-1.46281 1.21495 -0.861757 2.08771
-1.45171 1.18555 -0.854157 2.05975
-1.43841 1.16715 -0.861657 2.04297
-1.42421 1.15795 -0.883157 2.03696
-1.41161 1.15605 -0.915657 2.04145
-1.40281 1.15995 -0.955457 2.05579
-1.40011 1.16885 -0.998957 2.07953
-1.40511 1.18245 -1.04276 2.11184
-1.41871 1.20025 -1.08446 2.1516
-1.44091 1.22115 -1.12256 2.19717
-1.47091 1.24345 -1.15576 2.24623
-1.50701 1.26455 -1.18356 2.29586
-1.54701 1.28135 -1.20516 2.34254
-1.58781 1.29095 -1.22016 2.38254
-1.62661 1.29095 -1.22816 2.41263
-1.66071 1.27995 -1.22926 2.4305
-1.68801 1.25755 -1.22436 2.43513
-1.70701 1.22475 -1.21496 2.42694
-1.71661 1.18355 -1.20376 2.40761
-1.71551 1.13635 -1.19386 2.37899
-1.70251 1.08585 -1.18806 2.34288
-1.67651 1.03465 -1.18856 2.30084
-1.63801 0.98455 -1.19666 2.25486
-1.58961 0.93675 -1.21196 2.20753
-1.53671 0.89155 -1.23256 2.1623
-1.48731 0.84925 -1.25516 2.12338
-1.45031 0.81035 -1.27566 2.0946
-1.43221 0.77595 -1.28986 2.07775
-1.43451 0.74705 -1.29476 2.07179
-1.45231 0.72475 -1.29046 2.07358
-1.47791 0.70945 -1.28006 2.07993
-1.50441 0.70145 -1.27076 2.09048
-1.52791 0.70025 -1.27116 2.1073
-1.54601 0.70505 -1.28786 2.1321
-1.55771 0.71565 -1.32246 2.16507
-1.56231 0.73165 -1.37066 2.20337
-1.55921 0.75275 -1.42426 2.24194
-1.54841 0.77815 -1.47486 2.27559
-1.53261 0.80655 -1.51756 2.30269
-1.51651 0.83585 -1.55086 2.32457
-1.50501 0.86425 -1.57486 2.34354
-1.50031 0.89025 -1.58886 2.35965
-1.50171 0.91305 -1.59106 2.37071
-1.50661 0.93205 -1.57936 2.37339
-1.51201 0.94675 -1.55226 2.36475
-1.51611 0.95645 -1.51086 2.34437
-1.51861 0.96085 -1.45926 2.31492
-1.51901 0.95985 -1.40296 2.27969
-1.51561 0.95375 -1.34676 2.24064
-1.50491 0.94365 -1.29386 2.19757
-1.48331 0.93095 -1.24586 2.1492
-1.44791 0.91775 -1.20396 2.09481
-1.39941 0.90565 -1.16976 2.03639
-1.34251 0.89655 -1.14476 1.97904
-1.28531 0.89155 -1.12866 1.92893
-1.23731 0.89205 -1.11876 1.89164
-1.20741 0.89905 -1.11076 1.87081
-1.20021 0.91425 -1.09926 1.86674
-1.21421 0.93965 -1.08006 1.87717
-1.24051 0.97835 -1.05056 1.89729
-1.26901 1.03285 -1.01126 1.92349
-1.29471 1.10225 -0.968457 1.95682
-1.31781 1.18195 -0.932157 2.00064
-1.33891 1.26665 -0.911957 2.05639
-1.35751 1.35215 -0.912957 2.12241
-1.37301 1.43555 -0.934957 2.19547
-1.38471 1.51475 -0.973757 2.27158
-1.39121 1.58845 -1.02166 2.34573
-1.38891 1.65615 -1.06866 2.41121
-1.37311 1.71765 -1.10416 2.46067
-1.34141 1.77115 -1.12166 2.48887
-1.29681 1.81215 -1.12146 2.49465
-1.24591 1.83595 -1.10966 2.4808
-1.19591 1.84055 -1.09386 2.45242
-1.15271 1.82645 -1.08096 2.41519
-1.12061 1.79605 -1.07586 2.37467
-1.10201 1.75355 -1.08036 2.33592
-1.09621 1.70545 -1.09206 2.30279
-1.09951 1.66055 -1.10246 2.27635
-1.10551 1.62915 -1.09946 2.25501
-1.11151 1.61575 -1.07876 2.23826
-1.12361 1.61435 -1.05046 2.22982
-1.14911 1.61625 -1.02716 2.23333
-1.19171 1.61525 -1.01516 2.24939
-1.25141 1.60845 -1.01546 2.27691
-1.32461 1.59585 -1.02586 2.31381
-1.40381 1.58115 -1.04176 2.35711
-1.47751 1.57125 -1.05726 2.40201
-1.53411 1.57415 -1.06706 2.44337
-1.57071 1.59095 -1.07056 2.47878
-1.59341 1.61585 -1.07066 2.50923
-1.60961 1.64185 -1.06886 2.53554
-1.62401 1.66415 -1.06476 2.55744
-1.63841 1.68035 -1.05646 2.57373
-1.65271 1.68975 -1.04156 2.58293
-1.66561 1.69355 -1.01756 2.58414
-1.67511 1.69495 -0.982257 2.57753
-1.67961 1.69855 -0.934357 2.56499
-1.67931 1.70795 -0.876757 2.55066
-1.67411 1.72155 -0.820857 2.53775
-1.65981 1.72785 -0.790257 2.52288
-1.63031 1.70975 -0.809057 2.49714
-1.58931 1.67225 -0.866557 2.4644
-1.54291 1.63615 -0.929057 2.43325
-1.49081 1.61595 -0.967757 2.40216
-1.43291 1.61415 -0.973957 2.36797
-1.37561 1.62255 -0.958657 2.33324
-1.32841 1.63405 -0.932257 2.30302
-1.29881 1.64555 -0.898557 2.28082
-1.29161 1.65715 -0.857957 2.26947
-1.30831 1.66985 -0.810257 2.27081
-1.34741 1.68375 -0.756557 2.28537
-1.40351 1.69685 -0.700557 2.31083
-1.46471 1.70155 -0.651857 2.33786
-1.51331 1.68455 -0.625157 2.34918
-1.54331 1.64195 -0.626657 2.33891
-1.56671 1.58935 -0.646557 2.3235
-1.59211 1.54385 -0.672257 2.31737
-1.61591 1.51975 -0.690457 2.32326
-1.62771 1.52895 -0.687457 2.33661
-1.62481 1.57195 -0.661457 2.35554
-1.61621 1.63585 -0.624657 2.38293
-1.60901 1.70925 -0.586757 2.41965
-1.60521 1.78545 -0.550957 2.46335
-1.60241 1.85915 -0.518357 2.50856
-1.59431 1.92325 -0.492557 2.54624
-1.57161 1.96675 -0.481557 2.56319
-1.52761 1.98105 -0.491957 2.54954
-1.46601 1.96945 -0.518857 2.50941
-1.39611 1.94115 -0.552657 2.4541
-1.32571 1.90325 -0.588157 2.39286
-1.26021 1.85975 -0.624457 2.33168
-1.20231 1.81375 -0.661457 2.27437
-1.15221 1.76935 -0.697157 2.22356
-1.10651 1.73305 -0.724457 2.18006
-1.05851 1.71345 -0.732657 2.14316
-1.00681 1.71475 -0.717257 2.11388
-0.960912 1.73275 -0.686457 2.0969
-0.932412 1.75985 -0.651957 2.09559
-0.928312 1.79055 -0.621657 2.11052
-0.950912 1.82115 -0.599957 2.14027
-1.00011 1.85025 -0.589057 2.18418
-1.07331 1.87835 -0.589557 2.24227
-1.16481 1.90755 -0.601557 2.31461
-1.26561 1.93955 -0.624657 2.39871
-1.36311 1.96995 -0.660657 2.485
-1.44391 1.98605 -0.715057 2.55746
-1.50151 1.97715 -0.789557 2.6052
-1.53941 1.95255 -0.866657 2.63312
-1.56111 1.93195 -0.918757 2.64832
-1.56761 1.92735 -0.929857 2.65268
-1.56181 1.93165 -0.905157 2.64383
-1.54731 1.93315 -0.859957 2.62121
-1.52701 1.92675 -0.807957 2.58784
-1.50251 1.91215 -0.759957 2.54782
-1.47441 1.89055 -0.723957 2.50443
-1.44381 1.86335 -0.704957 2.46041
-1.41321 1.83375 -0.704757 2.42002
-1.38631 1.80605 -0.721957 2.38849
-1.36611 1.78615 -0.751457 2.37092
-1.35221 1.78025 -0.784357 2.36917
-1.34131 1.79315 -0.811357 2.38176
-1.33251 1.82315 -0.827557 2.40506
-1.32991 1.86185 -0.833657 2.43519
-1.33831 1.89865 -0.831657 2.46731
-1.35921 1.92485 -0.823757 2.49621
-1.39191 1.93515 -0.811657 2.51814
-1.43411 1.92845 -0.796357 2.53175
-1.48341 1.90745 -0.778257 2.53861
-1.53661 1.87745 -0.757457 2.5416
-1.59021 1.84495 -0.734857 2.54413
-1.64081 1.81645 -0.712357 2.54935
-1.68531 1.79685 -0.693657 2.55932
-1.72161 1.78825 -0.683857 2.57477
-1.74821 1.78945 -0.688857 2.59478
-1.76371 1.79655 -0.712557 2.61649
-1.76731 1.80565 -0.753657 2.63662
-1.75911 1.81595 -0.802057 2.65244
-1.73911 1.82925 -0.841257 2.66052
-1.70691 1.84475 -0.859157 2.65609
-1.66271 1.85645 -0.856257 2.63518
-1.60981 1.85715 -0.840057 2.59734
-1.55481 1.84475 -0.817357 2.54728
-1.50461 1.82165 -0.792357 2.49201
-1.46531 1.79295 -0.767557 2.43946
-1.44041 1.76395 -0.746157 2.39647
-1.43131 1.73905 -0.731457 2.36812
-1.43751 1.72095 -0.727457 2.35739
-1.45701 1.71075 -0.737857 2.36516
-1.48701 1.70805 -0.763957 2.39003
-1.52241 1.71415 -0.801757 2.42876
-1.55351 1.73705 -0.836257 2.4759
-1.56791 1.79085 -0.845757 2.52602
-1.56691 1.87055 -0.826857 2.5764
-1.55991 1.94985 -0.794057 2.62026
-1.55011 2.00775 -0.758657 2.64754
-1.53721 2.03565 -0.726257 2.65223
-1.52101 2.03395 -0.698357 2.63403
-1.50311 2.00875 -0.673957 2.59781
-1.48501 1.96815 -0.652957 2.55053
-1.46631 1.92125 -0.635757 2.49909
-1.44431 1.87905 -0.621857 2.45022
-1.41381 1.85335 -0.607257 2.40884
-1.37071 1.85175 -0.588557 2.37786
-1.31711 1.87195 -0.569757 2.35873
-1.26231 1.90525 -0.559057 2.35286
-1.21721 1.94315 -0.561257 2.3606
-1.19031 1.97995 -0.576957 2.38116
-1.18571 2.01205 -0.604257 2.41234
-1.20231 2.03685 -0.640157 2.45033
-1.23381 2.05115 -0.681257 2.4887
-1.27041 2.04985 -0.725057 2.51824
-1.30331 2.02895 -0.768957 2.53112
-1.32701 1.99055 -0.807957 2.52508
-1.33821 1.94405 -0.834857 2.50342
-1.33371 1.90125 -0.844557 2.4712
-1.31231 1.87085 -0.836757 2.4336
-1.27601 1.85475 -0.816957 2.39494
-1.22911 1.85125 -0.792457 2.3592
-1.17621 1.85735 -0.768757 2.32899
-1.12141 1.87045 -0.748657 2.30578
-1.06841 1.88865 -0.732657 2.29026
-1.02121 1.91085 -0.719857 2.28307
-0.983712 1.93655 -0.708757 2.28479
-0.959212 1.96565 -0.698257 2.29596
-0.949412 1.99745 -0.687757 2.31607
-0.954312 2.03085 -0.677357 2.3439
-0.972212 2.06395 -0.667957 2.37724
-1.00031 2.09405 -0.660757 2.41294
-1.03571 2.11795 -0.657157 2.4475
-1.07631 2.13315 -0.658357 2.47835
-1.12151 2.13835 -0.664157 2.50428
-1.17181 2.13375 -0.673257 2.52573
-1.22801 2.12085 -0.683857 2.54434
-1.29031 2.10165 -0.694357 2.56202
-1.35791 2.07935 -0.702657 2.58096
-1.42911 2.05915 -0.706457 2.60414
-1.50121 2.04805 -0.702457 2.63469
-1.57211 2.05185 -0.689557 2.67528
-1.64091 2.06715 -0.672957 2.72371
-1.70801 2.07945 -0.665057 2.77195
-1.77391 2.07255 -0.677757 2.81097
-1.83991 2.04735 -0.708457 2.84233
-1.90561 2.01925 -0.743257 2.87422
-1.97021 2.00115 -0.769557 2.91179
-2.03351 1.99585 -0.782957 2.95493
-2.09591 1.99715 -0.787257 3.0002
-2.15711 1.99565 -0.790257 3.04307
-2.21591 1.98185 -0.801157 3.07893
-2.27031 1.94975 -0.827357 3.10489
-2.31811 1.90115 -0.870057 3.1217
-2.35831 1.84715 -0.920457 3.13382
-2.39191 1.80275 -0.962957 3.14618
-2.42071 1.77695 -0.985357 3.16043
-2.44271 1.76475 -0.993257 3.17296
-2.45391 1.75395 -1.00226 3.17844
-2.45271 1.73555 -1.02296 3.17402
-2.43941 1.70825 -1.05596 3.15973
-2.41461 1.67575 -1.09406 3.13615
-2.38011 1.64435 -1.12596 3.10429
-2.33831 1.62065 -1.13956 3.06477
-2.29091 1.60895 -1.12766 3.01805
-2.23691 1.60635 -1.09746 2.96455
-2.17661 1.60355 -1.06806 2.90685
-2.11301 1.58965 -1.06066 2.849
-2.04821 1.56145 -1.08406 2.79437
-1.97971 1.53195 -1.12086 2.74271
-1.90381 1.52165 -1.13926 2.69032
-1.81961 1.53495 -1.13166 2.63585
-1.73201 1.55795 -1.11726 2.58367
-1.64591 1.57775 -1.11066 2.53612
-1.56351 1.58885 -1.11496 2.49242
-1.48521 1.59095 -1.12576 2.45037
-1.41061 1.58765 -1.13506 2.40807
-1.33831 1.58505 -1.13406 2.36422
-1.26561 1.59055 -1.11496 2.31835
-1.19141 1.60905 -1.07496 2.27245
-1.11861 1.64035 -1.01906 2.23171
-1.05261 1.68075 -0.956557 2.2018
-0.997012 1.72645 -0.895657 2.1856
-0.952912 1.77465 -0.842057 2.18323
-0.920012 1.82255 -0.799557 2.19258
-0.898212 1.86825 -0.769657 2.21122
-0.888312 1.91035 -0.752457 2.23713
-0.891612 1.94815 -0.746857 2.26893
-0.908612 1.98145 -0.750757 2.30551
-0.938512 2.01035 -0.761557 2.34569
-0.978312 2.03595 -0.775257 2.38814
-1.02351 2.05955 -0.786757 2.4307
-1.06881 2.08295 -0.789957 2.47084
-1.10971 2.10665 -0.779857 2.50552
-1.14391 2.12845 -0.754757 2.5315
-1.17191 2.14395 -0.716557 2.54624
-1.19471 2.14875 -0.670857 2.54843
-1.21331 2.13985 -0.624757 2.53799
-1.22801 2.11715 -0.584857 2.51642
-1.23971 2.08435 -0.555757 2.48802
-1.25001 2.04755 -0.540257 2.45904
-1.26051 2.01255 -0.540257 2.43539
-1.27231 1.98295 -0.556957 2.42096
-1.28571 1.95965 -0.590257 2.41696
-1.30071 1.94155 -0.639057 2.42278
-1.31691 1.92635 -0.700757 2.43642
-1.33401 1.91285 -0.770857 2.45618
-1.35131 1.90195 -0.841357 2.48019
-1.36741 1.89825 -0.900257 2.50672
-1.38061 1.90695 -0.935257 2.53323
-1.39001 1.92645 -0.942157 2.55558
-1.39571 1.94435 -0.928057 2.56706
-1.39641 1.94715 -0.904557 2.56117
-1.39141 1.92815 -0.880057 2.53541
-1.38251 1.89075 -0.856257 2.49388
-1.37221 1.84555 -0.830457 2.44513
-1.36121 1.80475 -0.800157 2.39797
-1.34831 1.77835 -0.765557 2.35935
-1.33201 1.77295 -0.729157 2.33437
-1.31231 1.79105 -0.695357 2.3267
-1.29121 1.83155 -0.668857 2.33863
-1.27201 1.88915 -0.654157 2.36956
-1.25711 1.95395 -0.655757 2.41418
-1.24741 2.01225 -0.677657 2.4626
-1.24301 2.05355 -0.720357 2.5062
-1.24461 2.07765 -0.775257 2.54297
-1.25141 2.09285 -0.825857 2.57451
-1.26001 2.10855 -0.854957 2.60088
-1.27001 2.12625 -0.855757 2.62034
-1.28521 2.13735 -0.834557 2.62993
-1.30801 2.13435 -0.802157 2.62865
-1.33731 2.11505 -0.766957 2.61726
-1.36981 2.08045 -0.735957 2.59736
-1.40141 2.03395 -0.715757 2.57162
-1.42791 1.98015 -0.712357 2.5431
-1.44611 1.92585 -0.730657 2.51674
-1.45401 1.87985 -0.771857 2.49875
-1.45061 1.85225 -0.828557 2.49432
-1.43351 1.85245 -0.884457 2.50376
-1.40121 1.88085 -0.926657 2.52184
-1.35801 1.92095 -0.958757 2.54037
-1.31161 1.95235 -0.986757 2.55062
-1.26741 1.96305 -1.01146 2.54616
-1.22901 1.94945 -1.03056 2.52445
-1.19911 1.91355 -1.04176 2.48693
-1.17971 1.85975 -1.04466 2.43756
-1.17201 1.79415 -1.04046 2.38226
-1.17621 1.72325 -1.03156 2.32748
-1.19181 1.65375 -1.02146 2.28006
-1.21601 1.59245 -1.01316 2.24523
-1.24431 1.54715 -1.00686 2.22615
-1.27021 1.52535 -0.998157 2.22181
-1.28911 1.53185 -0.982057 2.22998
-1.30091 1.56425 -0.962357 2.25064
-1.30691 1.61185 -0.951957 2.28305
-1.30681 1.66105 -0.961557 2.32195
-1.30131 1.70415 -0.991157 2.36219
-1.29491 1.74005 -1.02976 2.40104
-1.29201 1.76975 -1.06436 2.43602
-1.29491 1.79265 -1.08516 2.46332
-1.30341 1.80835 -1.08656 2.47984
-1.31661 1.81665 -1.06586 2.4839
-1.33311 1.81885 -1.02296 2.47626
-1.35161 1.81715 -0.960557 2.45999
-1.37041 1.81425 -0.884957 2.43981
-1.38691 1.81135 -0.806357 2.41965
-1.39721 1.80725 -0.737957 2.40061
-1.39791 1.80175 -0.689957 2.38254
-1.38791 1.80075 -0.665857 2.36904
-1.36781 1.81395 -0.663457 2.36675
-1.33931 1.84645 -0.678757 2.37988
-1.30561 1.89555 -0.707657 2.40801
-1.27111 1.95265 -0.746357 2.44655
-1.24001 2.00805 -0.791057 2.48911
-1.21531 2.05355 -0.837857 2.52904
-1.19851 2.08345 -0.883057 2.56066
-1.18981 2.09365 -0.923057 2.57896
-1.18891 2.08215 -0.954357 2.58063
-1.19521 2.04945 -0.973457 2.56445
-1.20781 2.00055 -0.976857 2.53283
-1.22421 1.94585 -0.961357 2.49183
-1.24071 1.89935 -0.924857 2.44995
-1.25601 1.86675 -0.874557 2.41395
-1.27031 1.84325 -0.828857 2.3871
-1.27981 1.82195 -0.807257 2.36835
-1.28021 1.79975 -0.819857 2.35589
-1.27121 1.78035 -0.865157 2.35247
-1.25541 1.76945 -0.933457 2.36185
-1.23501 1.77005 -1.01186 2.38373
-1.21091 1.78205 -1.08746 2.41341
-1.18301 1.80415 -1.14856 2.44411
-1.15201 1.83365 -1.18686 2.46942
-1.12101 1.86595 -1.19856 2.48495
-1.09451 1.89595 -1.18296 2.48837
-1.07671 1.91965 -1.14196 2.4796
-1.06981 1.93375 -1.08046 2.45993
-1.07261 1.93465 -1.00786 2.43087
-1.07861 1.91675 -0.937957 2.39104
-1.08101 1.87715 -0.883057 2.33924
-1.08021 1.82495 -0.846757 2.28348
-1.08061 1.77725 -0.825957 2.23798
-1.08251 1.74895 -0.816557 2.21301
-1.08251 1.74885 -0.814457 2.21216
-1.07871 1.77805 -0.816657 2.23428
-1.07281 1.83075 -0.822257 2.27567
-1.06861 1.89625 -0.831057 2.32988
-1.06891 1.96355 -0.841357 2.38872
-1.07451 2.02315 -0.850957 2.44373
-1.08421 2.06665 -0.858857 2.4868
-1.09471 2.08565 -0.866357 2.50976
-1.10231 2.07285 -0.876757 2.50609
-1.10561 2.02505 -0.891957 2.47362
-1.10691 1.94745 -0.908457 2.41725
-1.10881 1.85405 -0.918957 2.34765
-1.11031 1.76325 -0.916457 2.27634
-1.10971 1.68785 -0.900557 2.21163
-1.11111 1.63185 -0.880957 2.16185
-1.12041 1.59605 -0.868157 2.13457
-1.14121 1.58075 -0.868157 2.1342
-1.17371 1.58465 -0.882857 2.16059
-1.21601 1.60375 -0.911657 2.20948
-1.26441 1.63015 -0.953457 2.27271
-1.31401 1.65355 -1.00746 2.34005
-1.36121 1.66455 -1.07176 2.40256
-1.40511 1.65775 -1.14056 2.45425
-1.44641 1.63175 -1.20536 2.49151
-1.48551 1.58735 -1.25796 2.51175
-1.52071 1.53085 -1.29056 2.51428
-1.54791 1.47715 -1.29316 2.50005
-1.56341 1.44625 -1.25496 2.47201
-1.56951 1.44095 -1.18396 2.43751
-1.56861 1.44495 -1.10986 2.40421
-1.55591 1.43915 -1.06376 2.37141
-1.52611 1.41685 -1.05876 2.33612
-1.48261 1.39235 -1.08406 2.30477
-1.43121 1.38155 -1.12316 2.28441
-1.37541 1.39305 -1.16166 2.27635
-1.31631 1.42775 -1.19026 2.27769
-1.25721 1.48015 -1.20636 2.2862
-1.20381 1.54135 -1.21186 2.30077
-1.16261 1.60315 -1.20886 2.32015
-1.13761 1.66025 -1.19896 2.34267
-1.13061 1.70915 -1.18316 2.36629
-1.14131 1.74825 -1.16236 2.38957
-1.16701 1.77715 -1.13696 2.41099
-1.20211 1.79755 -1.10736 2.42951
-1.23871 1.81275 -1.07386 2.4441
-1.26931 1.82635 -1.03836 2.45457
-1.28881 1.83995 -1.00596 2.46138
-1.29591 1.85325 -0.984457 2.46639
-1.29131 1.86575 -0.979157 2.47129
-1.27691 1.87845 -0.990657 2.478
-1.25551 1.89175 -1.01616 2.48749
-1.23021 1.90495 -1.05156 2.49961
-1.20401 1.91575 -1.09306 2.51287
-1.17911 1.92135 -1.13686 2.52475
-1.15681 1.91895 -1.17926 2.53204
-1.13811 1.90685 -1.21696 2.53226
-1.12341 1.88415 -1.24706 2.52334
-1.11271 1.85185 -1.26716 2.50463
-1.10591 1.81245 -1.27546 2.47685
-1.10221 1.77105 -1.27116 2.44281
-1.10041 1.73425 -1.25516 2.40706
-1.09941 1.70765 -1.23076 2.37477
-1.09841 1.69385 -1.20446 2.35082
-1.09621 1.69135 -1.18486 2.338
-1.08991 1.69435 -1.17976 2.33464
-1.07691 1.69615 -1.19376 2.33703
-1.05851 1.69365 -1.22536 2.34316
-1.03951 1.68935 -1.26746 2.35392
-1.02431 1.68695 -1.31116 2.36942
-1.01541 1.68865 -1.34846 2.38766
-1.01331 1.69515 -1.37366 2.40567
-1.01741 1.70625 -1.38196 2.41996
-1.02671 1.72185 -1.36986 2.42805
-1.04051 1.74085 -1.33546 2.42831
-1.05821 1.76025 -1.28106 2.42062
-1.07841 1.77295 -1.21546 2.40492
-1.09711 1.76895 -1.15296 2.37953
-1.11111 1.74455 -1.10296 2.34404
-1.12411 1.71035 -1.06216 2.30588
-1.14241 1.68035 -1.02446 2.27557
-1.16921 1.66315 -0.987957 2.26035
-1.20451 1.66175 -0.954657 2.26354
-1.24671 1.67595 -0.927657 2.28553
-1.29301 1.70395 -0.910257 2.32463
-1.34061 1.74285 -0.904157 2.37745
-1.38641 1.78865 -0.909657 2.43903
-1.42691 1.83475 -0.926757 2.50225
-1.45651 1.87085 -0.957657 2.55707
-1.46911 1.88465 -1.00616 2.59279
-1.46311 1.87115 -1.06976 2.60505
-1.44291 1.84225 -1.13216 2.59955
-1.41051 1.82065 -1.17176 2.58405
-1.36511 1.81635 -1.17986 2.56022
-1.31181 1.81565 -1.16586 2.5252
-1.25861 1.80595 -1.14236 2.48003
-1.21151 1.78405 -1.11776 2.42899
-1.17381 1.75275 -1.09636 2.37739
-1.14771 1.71655 -1.07956 2.33007
-1.13391 1.68045 -1.06756 2.29115
-1.13181 1.64855 -1.06016 2.26333
-1.13961 1.62375 -1.05686 2.24772
-1.15391 1.60715 -1.05766 2.24345
-1.17081 1.59765 -1.06336 2.24811
-1.18551 1.59255 -1.07556 2.25798
-1.19441 1.58915 -1.09526 2.26972
-1.19651 1.58755 -1.12106 2.28226
-1.19361 1.58975 -1.14966 2.29646
-1.18831 1.59675 -1.17716 2.31244
-1.18341 1.60725 -1.20036 2.32907
-1.18061 1.61835 -1.21766 2.34427
-1.18061 1.62555 -1.22886 2.35507
-1.18301 1.62415 -1.23546 2.35876
-1.18621 1.61005 -1.24026 2.35321
-1.18921 1.58095 -1.24606 2.33801
-1.19271 1.53825 -1.25426 2.31559
-1.19811 1.48785 -1.26326 2.29019
-1.20471 1.44035 -1.26946 2.2666
-1.20751 1.40805 -1.26776 2.24675
-1.20051 1.40055 -1.25406 2.23057
-1.18431 1.41725 -1.22986 2.21895
-1.16531 1.45045 -1.20136 2.21473
-1.14891 1.49255 -1.17406 2.21949
-1.13731 1.53825 -1.15036 2.23227
-1.13071 1.58285 -1.13136 2.25031
-1.12811 1.62085 -1.11776 2.26918
-1.12821 1.64635 -1.11166 2.28454
-1.13071 1.65445 -1.11526 2.29336
-1.13641 1.64315 -1.12966 2.2951
-1.14711 1.61385 -1.15376 2.29162
-1.16441 1.57095 -1.18516 2.28656
-1.18821 1.52045 -1.21966 2.2828
-1.21511 1.47065 -1.24906 2.28023
-1.23791 1.43245 -1.26046 2.27444
-1.25091 1.41515 -1.24676 2.26315
-1.25681 1.41725 -1.21976 2.25299
-1.26171 1.43105 -1.19816 2.25286
-1.26841 1.45015 -1.19326 2.2662
-1.27711 1.47075 -1.20876 2.29243
-1.28861 1.49095 -1.24296 2.32989
-1.30361 1.50975 -1.29166 2.37637
-1.32291 1.52575 -1.34906 2.42857
-1.34621 1.53745 -1.40906 2.48223
-1.37181 1.54385 -1.46506 2.53214
-1.39571 1.54745 -1.50936 2.57309
-1.41041 1.55865 -1.53246 2.60136
-1.40701 1.59345 -1.52466 2.61598
-1.38451 1.65295 -1.48476 2.61794
-1.35041 1.71745 -1.42546 2.60867
-1.30841 1.76215 -1.36756 2.58599
-1.25511 1.76795 -1.33266 2.54498
-1.19161 1.74125 -1.32406 2.49099
-1.12741 1.70505 -1.33066 2.43904
-1.07201 1.67455 -1.34516 2.40058
-1.03021 1.65485 -1.36516 2.37982
-1.00441 1.64695 -1.38986 2.3776
-0.995112 1.65095 -1.41806 2.39307
-1.00121 1.66685 -1.44756 2.4241
-1.02061 1.69505 -1.47546 2.46816
-1.05031 1.73565 -1.49876 2.52228
-1.08801 1.78815 -1.51566 2.58427
-1.13201 1.84965 -1.52636 2.65187
-1.18141 1.91585 -1.53186 2.72265
-1.23431 1.98065 -1.53226 2.79183
-1.28641 2.03715 -1.52746 2.85271
-1.33031 2.07575 -1.52096 2.89686
-1.35571 2.08385 -1.52356 2.91575
-1.35651 2.05165 -1.54496 2.90453
-1.33751 1.98435 -1.57636 2.86557
-1.30831 1.89655 -1.60386 2.8073
-1.27651 1.80025 -1.62216 2.73894
-1.24731 1.70235 -1.63256 2.66815
-1.22421 1.60665 -1.63786 2.6005
-1.20911 1.51575 -1.64106 2.54018
-1.20141 1.43275 -1.64346 2.4894
-1.19791 1.36215 -1.64446 2.44841
-1.19351 1.30935 -1.64156 2.41528
-1.18591 1.27685 -1.63376 2.3887
-1.17811 1.26355 -1.62456 2.37143
-1.17531 1.26635 -1.61986 2.36832
-1.18101 1.28195 -1.62376 2.38218
-1.19631 1.30715 -1.63716 2.41249
-1.22011 1.33845 -1.65846 2.45573
-1.24941 1.37195 -1.68396 2.50579
-1.27911 1.40385 -1.70786 2.55415
-1.30291 1.43015 -1.72256 2.59039
-1.31421 1.44755 -1.71986 2.60393
-1.30931 1.45295 -1.69476 2.58797
-1.28921 1.44435 -1.64816 2.54257
-1.25921 1.42205 -1.58636 2.47475
-1.22621 1.38935 -1.51786 2.39537
-1.19631 1.35145 -1.45136 2.31604
-1.17331 1.31425 -1.39446 2.24687
-1.15961 1.28325 -1.35296 2.19589
-1.15541 1.26275 -1.33076 2.16805
-1.15961 1.25595 -1.32856 2.16499
-1.16951 1.26485 -1.34326 2.18448
-1.18051 1.29085 -1.36686 2.21995
-1.18941 1.33315 -1.39046 2.26393
-1.19711 1.38515 -1.40816 2.30968
-1.20811 1.43495 -1.41766 2.35125
-1.22561 1.47105 -1.41786 2.38253
-1.25081 1.48595 -1.40806 2.399
-1.28301 1.47715 -1.38856 2.39921
-1.32081 1.44615 -1.36146 2.38526
-1.36181 1.39735 -1.33146 2.36218
-1.40331 1.33755 -1.30466 2.33676
-1.44161 1.27515 -1.28716 2.31539
-1.47301 1.22005 -1.28266 2.30293
-1.49381 1.18325 -1.29056 2.30154
-1.50091 1.17325 -1.30696 2.31028
-1.49381 1.19185 -1.32896 2.32768
-1.47501 1.23255 -1.35946 2.35435
-1.44971 1.28295 -1.40466 2.3918
-1.42261 1.33185 -1.46696 2.43918
-1.39731 1.37465 -1.53956 2.49246
-1.37611 1.41135 -1.60976 2.54498
-1.35981 1.44275 -1.66606 2.58967
-1.34881 1.46865 -1.70196 2.62162
-1.34401 1.48725 -1.71656 2.6391
-1.34621 1.49585 -1.71336 2.643
-1.35561 1.49195 -1.69996 2.63694
-1.37171 1.47465 -1.68356 2.62499
-1.39381 1.44735 -1.66796 2.61144
-1.42111 1.41835 -1.65186 2.59998
-1.45211 1.39845 -1.63396 2.59502
-1.48461 1.39635 -1.61626 2.60118
-1.51641 1.41655 -1.60416 2.62287
-1.54651 1.45875 -1.60466 2.66357
-1.57451 1.51725 -1.62316 2.72319
-1.60051 1.58175 -1.66046 2.79655
-1.62421 1.64015 -1.71206 2.8739
-1.64471 1.68255 -1.76686 2.94242
-1.66011 1.70395 -1.80846 2.9883
-1.66831 1.70755 -1.82096 3.00248
-1.66771 1.70575 -1.79436 2.98506
-1.65901 1.71065 -1.72966 2.94455
-1.64271 1.72205 -1.64356 2.89227
-1.61621 1.73255 -1.56106 2.83739
-1.57411 1.73845 -1.50256 2.78527
-1.51391 1.74285 -1.47646 2.74032
-1.43881 1.75225 -1.48036 2.70777
-1.35621 1.76975 -1.50676 2.69103
-1.27401 1.79355 -1.54716 2.68954
-1.20021 1.81925 -1.59486 2.70069
-1.14201 1.84255 -1.64476 2.7211
-1.10511 1.85985 -1.69376 2.74757
-1.09411 1.86935 -1.73936 2.77793
-1.11111 1.87005 -1.77946 2.81036
-1.15571 1.86185 -1.81166 2.84328
-1.22341 1.84485 -1.83376 2.87452
-1.30581 1.81875 -1.84366 2.90036
-1.39221 1.78305 -1.84146 2.91693
-1.47411 1.73595 -1.83006 2.92158
-1.54811 1.67575 -1.81476 2.91516
-1.61391 1.60505 -1.79896 2.90123
-1.67251 1.53135 -1.78386 2.88522
-1.72421 1.46335 -1.77106 2.87245
-1.76901 1.40745 -1.76406 2.86744
-1.80601 1.36835 -1.76666 2.87318
-1.83391 1.34855 -1.78186 2.89082
-1.85181 1.34805 -1.80946 2.919
-1.85961 1.36505 -1.84546 2.95419
-1.85801 1.39675 -1.88246 2.99112
-1.84801 1.43995 -1.91236 3.02419
-1.83121 1.48795 -1.92946 3.04797
-1.80661 1.52725 -1.93446 3.05589
-1.76811 1.53815 -1.93506 3.03917
-1.70901 1.50655 -1.94016 2.99243
-1.63401 1.44145 -1.94336 2.91966
-1.55231 1.36505 -1.93126 2.82892
-1.46921 1.29295 -1.89906 2.72704
-1.38971 1.22985 -1.85176 2.62161
-1.31971 1.17565 -1.79836 2.52149
-1.26331 1.13075 -1.74636 2.43399
-1.22121 1.09625 -1.70126 2.36377
-1.19211 1.07295 -1.66696 2.31324
-1.17381 1.06175 -1.64696 2.28421
-1.16371 1.06295 -1.64376 2.27729
-1.15891 1.07685 -1.65776 2.29147
-1.15541 1.10445 -1.68556 2.32291
-1.14681 1.14825 -1.71796 2.36327
-1.12581 1.21195 -1.74166 2.40201
-1.09251 1.29485 -1.75006 2.43576
-1.05751 1.38815 -1.74796 2.46995
-1.03241 1.47985 -1.74166 2.50783
-1.02431 1.55965 -1.73376 2.54708
-1.03591 1.61985 -1.72366 2.58225
-1.06731 1.65525 -1.70936 2.60786
-1.11731 1.66355 -1.68786 2.62005
-1.18401 1.64575 -1.65666 2.61819
-1.26511 1.60685 -1.61436 2.6055
-1.35671 1.55645 -1.56286 2.58954
-1.45161 1.50965 -1.50776 2.58061
-1.53941 1.48365 -1.45936 2.58858
-1.60851 1.49095 -1.43166 2.61914
-1.65001 1.52885 -1.43746 2.6695
-1.66091 1.57715 -1.48146 2.72777
-1.64861 1.61785 -1.55526 2.78463
-1.62711 1.64885 -1.63726 2.83669
-1.60541 1.67185 -1.70446 2.87708
-1.58591 1.68545 -1.74316 2.89732
-1.56851 1.68725 -1.74886 2.89233
-1.55351 1.67645 -1.72416 2.86297
-1.54181 1.65455 -1.67526 2.81446
-1.53421 1.62465 -1.60996 2.75414
-1.53121 1.58985 -1.53726 2.68987
-1.53231 1.55195 -1.46836 2.62918
-1.53411 1.50835 -1.41806 2.57672
-1.53041 1.45365 -1.40206 2.53398
-1.51711 1.39055 -1.42566 2.50355
-1.49451 1.33635 -1.47686 2.49008
-1.46341 1.30765 -1.53726 2.49293
-1.42721 1.30775 -1.59706 2.50953
-1.39471 1.32885 -1.65736 2.54124
-1.37531 1.36055 -1.72046 2.58893
-1.37471 1.39495 -1.78666 2.65101
-1.39471 1.42725 -1.85396 2.72386
-1.43401 1.45485 -1.91996 2.80343
-1.48891 1.47595 -1.98256 2.88545
-1.55401 1.49025 -2.04006 2.96608
-1.62281 1.49805 -2.09066 3.04114
-1.68881 1.50125 -2.13136 3.10621
-1.74681 1.50295 -2.15776 3.15692
-1.79421 1.50315 -2.16866 3.19088
-1.83171 1.49775 -2.16866 3.20959
-1.86131 1.48525 -2.16326 3.21716
-1.88471 1.46895 -2.15476 3.21759
-1.90261 1.45405 -2.14446 3.21448
-1.91541 1.44545 -2.13376 3.21109
-1.92251 1.44705 -2.12456 3.20995
-1.92321 1.46215 -2.11806 3.21291
-1.91651 1.49275 -2.11386 3.2202
-1.90201 1.53915 -2.11016 3.23101
-1.87931 1.59785 -2.10446 3.24248
-1.84831 1.66055 -2.09566 3.25046
-1.80811 1.71505 -2.08536 3.24952
-1.75711 1.75035 -2.07576 3.23418
-1.69541 1.76285 -2.06506 3.20102
-1.62581 1.75685 -2.04686 3.14951
-1.55291 1.73945 -2.01656 3.08281
-1.48171 1.71705 -1.97386 3.00663
-1.41751 1.69395 -1.92216 2.92805
-1.36491 1.67275 -1.86696 2.85423
-1.32731 1.65515 -1.81346 2.79104
-1.30651 1.64195 -1.76636 2.74281
-1.30191 1.63355 -1.72956 2.71198
-1.31061 1.62925 -1.70656 2.69898
-1.32731 1.62585 -1.70136 2.70181
-1.34601 1.61805 -1.71786 2.71678
-1.36301 1.60155 -1.75726 2.74057
-1.37921 1.57765 -1.81366 2.77138
-1.39801 1.55065 -1.87646 2.80714
-1.42141 1.52385 -1.93416 2.84315
-1.45031 1.49755 -1.97826 2.87395
-1.48481 1.47025 -2.00376 2.89506
-1.52481 1.43985 -2.00996 2.90485
-1.56961 1.40525 -1.99936 2.90445
-1.61721 1.36655 -1.97756 2.89717
-1.66451 1.32515 -1.95196 2.88734
-1.70751 1.28335 -1.93096 2.87944
-1.74251 1.24395 -1.92166 2.8769
-1.76711 1.21055 -1.92846 2.8822
-1.78081 1.18595 -1.95206 2.89626
-1.78481 1.17125 -1.98946 2.9181
-1.78101 1.16605 -2.03436 2.94454
-1.77091 1.16925 -2.07796 2.97005
-1.75531 1.18085 -2.11146 2.98894
-1.73531 1.20135 -2.12746 2.99677
-1.71231 1.22995 -2.12306 2.99202
-1.68891 1.26325 -2.09966 2.97604
-1.66671 1.29555 -2.06246 2.95129
-1.64521 1.32005 -2.02006 2.9206
-1.62101 1.32945 -1.98356 2.88611
-1.59161 1.32065 -1.96016 2.84949
-1.55931 1.30105 -1.94676 2.81319
-1.52721 1.28515 -1.93366 2.77903
-1.49631 1.28245 -1.91446 2.7475
-1.46911 1.29325 -1.89136 2.72177
-1.45031 1.31205 -1.87096 2.70654
-1.44431 1.33305 -1.85926 2.70553
-1.45321 1.35205 -1.85936 2.71976
-1.47611 1.36685 -1.87196 2.74798
-1.50881 1.37745 -1.89466 2.78633
-1.54291 1.38695 -1.92156 2.82782
-1.56761 1.40085 -1.94376 2.86321
-1.57581 1.42115 -1.95566 2.88573
-1.57061 1.44165 -1.96036 2.89624
-1.55941 1.45265 -1.96466 2.89859
-1.54791 1.44745 -1.97286 2.89539
-1.53781 1.42325 -1.98726 2.88785
-1.52771 1.38015 -2.00826 2.87608
-1.51371 1.32125 -2.03496 2.85973
-1.48931 1.25185 -2.06456 2.83683
-1.44761 1.17835 -2.09236 2.80393
-1.38601 1.10495 -2.11496 2.75953
-1.31091 1.03225 -2.13286 2.70797
-1.23551 0.96005 -2.14736 2.65694
-1.17451 0.88925 -2.15726 2.61228
-1.13971 0.82125 -2.15826 2.57517
-1.13731 0.75695 -2.14766 2.54537
-1.16511 0.69555 -2.12746 2.52336
-1.21241 0.63605 -2.10536 2.51138
-1.26291 0.57815 -2.09126 2.51049
-1.29901 0.52215 -2.09296 2.51804
-1.30741 0.46785 -2.11156 2.52723
-1.28391 0.41385 -2.14196 2.53134
-1.23751 0.35805 -2.17926 2.53156
-1.18591 0.29885 -2.22066 2.53516
-1.14781 0.23565 -2.26196 2.54744
-1.13601 0.16805 -2.29866 2.56955
-1.15621 0.0959499 -2.32806 2.60113
-1.20741 0.0205499 -2.35126 2.64323
-1.28341 -0.0557501 -2.37106 2.6967
-1.37431 -0.13045 -2.38906 2.75923
-1.46611 -0.20335 -2.40156 2.82105
-1.54361 -0.27695 -2.39956 2.86659
-1.59871 -0.35195 -2.37746 2.88653
-1.63591 -0.42115 -2.34026 2.88624
-1.66151 -0.47455 -2.29766 2.8749
-1.67851 -0.50695 -2.25706 2.8581
-1.68721 -0.51695 -2.22426 2.83923
-1.68671 -0.50635 -2.20426 2.82137
-1.67541 -0.47915 -2.20026 2.80673
-1.65021 -0.44225 -2.21056 2.79381
-1.60531 -0.40575 -2.22516 2.77362
-1.53451 -0.37975 -2.23156 2.73474
-1.44451 -0.36605 -2.23136 2.6832
-1.35431 -0.36265 -2.23476 2.63815
-1.28261 -0.37015 -2.24406 2.61111
-1.24301 -0.39145 -2.25476 2.60428
-1.24341 -0.42915 -2.26106 2.61584
-1.28461 -0.48235 -2.26076 2.6446
-1.35871 -0.54665 -2.25526 2.68907
-1.44931 -0.61745 -2.24446 2.74214
-1.53431 -0.69495 -2.22256 2.7887
-1.59561 -0.78245 -2.18266 2.81464
-1.63231 -0.87295 -2.12806 2.82048
-1.65111 -0.95195 -2.06786 2.81219
-1.65601 -1.00985 -2.00766 2.79157
-1.64941 -1.04305 -1.95006 2.75885
-1.63391 -1.05245 -1.89696 2.71584
-1.61201 -1.04185 -1.85076 2.66633
-1.58601 -1.01675 -1.81496 2.61597
-1.55661 -0.98345 -1.79236 2.56958
-1.52371 -0.94855 -1.78536 2.53159
-1.48651 -0.91805 -1.79336 2.50373
-1.44441 -0.89655 -1.81296 2.48535
-1.39801 -0.88635 -1.83846 2.47386
-1.35071 -0.88715 -1.86486 2.46762
-1.30891 -0.89555 -1.89026 2.46746
-1.28011 -0.90595 -1.91486 2.4751
-1.26921 -0.91155 -1.93966 2.4908
-1.27711 -0.90685 -1.96466 2.51262
-1.30091 -0.88785 -1.98956 2.53752
-1.33591 -0.85335 -2.01326 2.56244
-1.37751 -0.80435 -2.03426 2.5851
-1.42221 -0.74405 -2.05066 2.60413
-1.46841 -0.67715 -2.06086 2.61952
-1.51501 -0.60945 -2.06406 2.63193
-1.56081 -0.54725 -2.06036 2.6421
-1.60341 -0.49785 -2.04986 2.64966
-1.63981 -0.46735 -2.03266 2.65313
-1.66801 -0.45915 -2.01006 2.65206
-1.68881 -0.47255 -1.98636 2.64972
-1.70581 -0.50365 -1.96676 2.65172
-1.72301 -0.54845 -1.95426 2.66246
-1.74421 -0.60325 -1.94916 2.68429
-1.77181 -0.66475 -1.94996 2.71727
-1.80691 -0.72935 -1.95396 2.7595
-1.84931 -0.79305 -1.95856 2.80799
-1.89801 -0.85175 -1.96116 2.85903
-1.95171 -0.90105 -1.96026 2.90924
-2.00931 -0.93775 -1.95446 2.95578
-2.06991 -0.96045 -1.94256 2.99675
-2.13271 -0.97055 -1.92256 3.03095
-2.19671 -0.97295 -1.89096 3.05743
-2.26111 -0.97435 -1.84486 3.0766
-2.32521 -0.97745 -1.78706 3.09121
-2.38761 -0.97735 -1.72966 3.10606
-2.44601 -0.96815 -1.68546 3.12427
-2.49871 -0.95305 -1.65686 3.14596
-2.54391 -0.94275 -1.63726 3.16874
-2.58021 -0.94675 -1.61936 3.19
-2.60641 -0.96875 -1.60056 3.20836
-2.62151 -1.00475 -1.58426 3.22362
-2.62531 -1.04305 -1.57976 3.23663
-2.61941 -1.07045 -1.59766 3.24957
-2.60541 -1.08225 -1.63866 3.26261
-2.58341 -1.08605 -1.68996 3.27254
-2.55451 -1.09125 -1.73626 3.27581
-2.52071 -1.09925 -1.76916 3.26991
-2.48541 -1.10295 -1.78816 3.25443
-2.45191 -1.09275 -1.79726 3.2305
-2.42231 -1.06165 -1.80186 3.20022
-2.39721 -1.00815 -1.80566 3.16598
-2.37621 -0.93825 -1.80856 3.13011
-2.35741 -0.86275 -1.80796 3.09361
-2.33801 -0.79215 -1.80326 3.05705
-2.31521 -0.73325 -1.79926 3.02245
-2.28671 -0.68975 -1.80416 2.99329
-2.25151 -0.66305 -1.82426 2.97269
-2.20971 -0.65115 -1.86076 2.96129
-2.16211 -0.64805 -1.90866 2.95596
-2.10891 -0.64595 -1.95846 2.94963
-2.04961 -0.63765 -1.99976 2.93369
-1.98301 -0.62005 -2.02526 2.90146
-1.90851 -0.59415 -2.03266 2.85081
-1.82761 -0.56455 -2.02416 2.78498
-1.74341 -0.53625 -2.00456 2.71022
-1.66021 -0.51375 -1.97836 2.63328
-1.58231 -0.50035 -1.94876 2.55963
-1.51381 -0.49905 -1.91746 2.49346
-1.45721 -0.51225 -1.88546 2.43738
-1.41391 -0.54165 -1.85386 2.3936
-1.38351 -0.58705 -1.82556 2.36461
-1.36331 -0.64485 -1.80686 2.35355
-1.34861 -0.70655 -1.80796 2.36362
-1.33521 -0.76315 -1.83806 2.39659
-1.32381 -0.81385 -1.89476 2.4505
-1.31781 -0.86535 -1.96676 2.52063
-1.31881 -0.92345 -2.04346 2.60149
-1.32561 -0.98935 -2.11846 2.68774
-1.33491 -1.06035 -2.18776 2.77356
-1.34191 -1.13015 -2.24826 2.85178
-1.34151 -1.19115 -2.29686 2.91446
-1.32991 -1.23625 -2.33066 2.95448
-1.30701 -1.26075 -2.34836 2.9686
-1.27731 -1.26315 -2.35046 2.95833
-1.24751 -1.24485 -2.33906 2.92867
-1.22391 -1.20935 -2.31776 2.88661
-1.20981 -1.16185 -2.29086 2.83929
-1.20621 -1.10875 -2.26246 2.79338
-1.21161 -1.05615 -2.23546 2.75331
-1.22281 -1.00955 -2.21076 2.72065
-1.23471 -0.97505 -2.18696 2.69407
-1.24211 -0.95725 -2.16136 2.67033
-1.24441 -0.95675 -2.13456 2.64958
-1.24561 -0.97035 -2.11296 2.63775
-1.25071 -0.99215 -2.10386 2.641
-1.26311 -1.01585 -2.11226 2.66253
-1.28491 -1.03545 -2.13826 2.70098
-1.31701 -1.04495 -2.17846 2.75175
-1.35901 -1.04055 -2.22786 2.80945
-1.40771 -1.02075 -2.28266 2.86951
-1.45751 -0.98745 -2.34096 2.92908
-1.50261 -0.94385 -2.40156 2.986
-1.53871 -0.89425 -2.46276 3.0385
-1.56301 -0.84445 -2.52276 3.08552
-1.57371 -0.80155 -2.58076 3.1272
-1.57041 -0.77325 -2.63656 3.16474
-1.55571 -0.76455 -2.68956 3.19977
-1.53741 -0.77335 -2.73726 3.23331
-1.52831 -0.78855 -2.77616 3.26567
-1.53671 -0.79955 -2.80486 3.29666
-1.55571 -0.81135 -2.82456 3.32516
-1.57051 -0.83585 -2.83576 3.34764
-1.57341 -0.87195 -2.83766 3.35979
-1.56381 -0.90875 -2.82986 3.35848
-1.54351 -0.93655 -2.81256 3.34215
-1.51541 -0.95185 -2.78646 3.31162
-1.48361 -0.95595 -2.75226 3.26954
-1.45341 -0.95275 -2.71096 3.22016
-1.43001 -0.94705 -2.66346 3.16795
-1.41741 -0.94325 -2.61056 3.1167
-1.41661 -0.94525 -2.55316 3.06902
-1.42481 -0.95635 -2.49206 3.02573
-1.43551 -0.97875 -2.42736 2.98508
-1.44171 -1.01215 -2.35896 2.94409
-1.44051 -1.05295 -2.28846 2.90186
-1.43401 -1.09455 -2.21966 2.8603
-1.42631 -1.13085 -2.15716 2.8225
-1.42051 -1.15755 -2.10496 2.79081
-1.41841 -1.17245 -2.06566 2.76649
-1.42051 -1.17475 -2.04046 2.74979
-1.42671 -1.16445 -2.02946 2.74047
-1.43611 -1.14235 -2.03126 2.73741
-1.44731 -1.10945 -2.04336 2.73878
-1.45751 -1.06855 -2.06246 2.74224
-1.46251 -1.02435 -2.08466 2.74482
-1.45731 -0.98415 -2.10656 2.74407
-1.44051 -0.95305 -2.12536 2.73871
-1.41901 -0.92875 -2.13776 2.72877
-1.40261 -0.90505 -2.14036 2.71433
-1.39411 -0.88245 -2.13186 2.69575
-1.38751 -0.86955 -2.11336 2.6735
-1.37711 -0.87215 -2.08646 2.64771
-1.36271 -0.88585 -2.05326 2.6187
-1.34611 -0.90225 -2.01556 2.58622
-1.32841 -0.91415 -1.97626 2.55068
-1.30901 -0.91795 -1.93896 2.51311
-1.28691 -0.91255 -1.90816 2.47588
-1.26231 -0.89825 -1.88846 2.44265
-1.23631 -0.87665 -1.88356 2.4176
-1.21101 -0.85055 -1.89526 2.40458
-1.18871 -0.82345 -1.92376 2.40665
-1.17131 -0.79935 -1.96686 2.42476
-1.15991 -0.78245 -2.01976 2.45704
-1.15571 -0.77535 -2.07596 2.49929
-1.16131 -0.77805 -2.12866 2.54661
-1.18071 -0.78765 -2.17266 2.59517
-1.21751 -0.80025 -2.20536 2.64317
-1.27031 -0.81405 -2.22776 2.69059
-1.33301 -0.82895 -2.24196 2.73687
-1.39771 -0.84435 -2.24976 2.77992
-1.45711 -0.85805 -2.25136 2.81568
-1.50571 -0.86705 -2.24606 2.83967
-1.53991 -0.86915 -2.23226 2.84776
-1.55821 -0.86425 -2.20806 2.83734
-1.56171 -0.85465 -2.17196 2.80834
-1.55381 -0.84455 -2.12286 2.76299
-1.53971 -0.83885 -2.06126 2.70614
-1.52481 -0.84165 -1.99026 2.64472
-1.51361 -0.85585 -1.91556 2.58706
-1.50781 -0.88265 -1.84486 2.54088
-1.50711 -0.92195 -1.78646 2.51253
-1.50971 -0.97205 -1.74726 2.5054
-1.51401 -1.02995 -1.73206 2.52053
-1.51851 -1.09145 -1.74206 2.55576
-1.52281 -1.15125 -1.77436 2.60628
-1.52671 -1.20325 -1.82196 2.66424
-1.53031 -1.24235 -1.87646 2.72147
-1.53341 -1.26585 -1.93036 2.77128
-1.53531 -1.27425 -1.97846 2.80984
-1.53511 -1.27065 -2.01796 2.83607
-1.53231 -1.25935 -2.04706 2.85033
-1.52691 -1.24465 -2.06436 2.85345
-1.51951 -1.23025 -2.06896 2.84658
-1.51131 -1.21855 -2.06046 2.83098
-1.50351 -1.21065 -2.03976 2.80835
-1.49721 -1.20605 -2.00936 2.78096
-1.49301 -1.20345 -1.97316 2.7515
-1.49121 -1.20115 -1.93656 2.72337
-1.49211 -1.19755 -1.90506 2.69996
-1.49581 -1.19125 -1.88356 2.68409
-1.50241 -1.18095 -1.87446 2.67684
-1.51251 -1.16485 -1.87726 2.67744
-1.52651 -1.14155 -1.88916 2.68371
-1.54371 -1.11115 -1.90686 2.69329
-1.56111 -1.07665 -1.92816 2.70445
-1.57461 -1.04275 -1.95246 2.7164
-1.58141 -1.01255 -1.98016 2.72895
-1.58161 -0.98575 -2.01146 2.74211
-1.57761 -0.96055 -2.04546 2.75598
-1.57251 -0.93475 -2.08046 2.77035
-1.56941 -0.90755 -2.11466 2.7854
-1.57131 -0.87895 -2.14646 2.80158
-1.58091 -0.85055 -2.17466 2.8199
-1.59891 -0.82535 -2.19816 2.84071
-1.62251 -0.80935 -2.21626 2.86346
-1.64361 -0.81205 -2.22806 2.88533
-1.65431 -0.84005 -2.23276 2.90304
-1.65921 -0.88465 -2.22926 2.91636
-1.67121 -0.92725 -2.21626 2.92652
-1.69271 -0.95765 -2.19506 2.93269
-1.71461 -0.97625 -2.16876 2.93197
-1.72791 -0.98645 -2.13966 2.9218
-1.72821 -0.99065 -2.10806 2.90035
-1.71571 -0.99085 -2.07336 2.8678
-1.69331 -0.98905 -2.03516 2.8262
-1.66601 -0.98785 -1.99376 2.77966
-1.63931 -0.99065 -1.94986 2.73325
-1.61871 -1.00035 -1.90516 2.69269
-1.60901 -1.01915 -1.86106 2.66292
-1.61301 -1.04745 -1.81886 2.64711
-1.63121 -1.08305 -1.77926 2.64568
-1.66121 -1.12235 -1.74176 2.65575
-1.69741 -1.16195 -1.70486 2.67168
-1.73211 -1.19935 -1.66656 2.68627
-1.75901 -1.23305 -1.62626 2.6943
-1.77581 -1.25975 -1.58556 2.69341
-1.78351 -1.27575 -1.54736 2.6838
-1.78481 -1.27865 -1.51426 2.66711
-1.78191 -1.26765 -1.48806 2.64508
-1.77661 -1.24365 -1.46966 2.61972
-1.76971 -1.20885 -1.45976 2.59309
-1.76161 -1.16565 -1.45856 2.56698
-1.75201 -1.11705 -1.46596 2.54291
-1.74041 -1.06595 -1.48136 2.52184
-1.72641 -1.01575 -1.50366 2.50464
-1.71071 -0.97025 -1.53056 2.49209
-1.69531 -0.93295 -1.55826 2.48448
-1.68491 -0.90525 -1.58166 2.48194
-1.68671 -0.88405 -1.59606 2.48474
-1.70571 -0.86515 -1.59926 2.4931
-1.73961 -0.84745 -1.59276 2.50625
-1.78041 -0.83365 -1.58156 2.52313
-1.81991 -0.82555 -1.57066 2.54177
-1.85201 -0.82305 -1.56496 2.56056
-1.87291 -0.82465 -1.56776 2.57793
-1.88051 -0.82855 -1.58116 2.59285
-1.87391 -0.83315 -1.60526 2.60433
-1.85351 -0.83755 -1.63876 2.612
-1.82081 -0.84125 -1.67946 2.61604
-1.77901 -0.84435 -1.72396 2.61722
-1.73311 -0.84775 -1.76846 2.61721
-1.68951 -0.85295 -1.80796 2.61738
-1.65411 -0.86275 -1.83726 2.61838
-1.62941 -0.88185 -1.85116 2.61905
-1.61271 -0.91575 -1.84616 2.61682
-1.59921 -0.96705 -1.82246 2.61037
-1.58531 -1.03265 -1.78426 2.60061
-1.56871 -1.10465 -1.73836 2.58902
-1.54701 -1.17505 -1.69146 2.57585
-1.51821 -1.23805 -1.64926 2.56082
-1.48161 -1.29075 -1.61556 2.54386
-1.43771 -1.33185 -1.59296 2.52554
-1.38901 -1.36065 -1.58276 2.50716
-1.33971 -1.37585 -1.58406 2.48938
-1.29701 -1.37475 -1.59276 2.47165
-1.26961 -1.35305 -1.60166 2.45112
-1.26511 -1.30955 -1.60486 2.42714
-1.28561 -1.25285 -1.60186 2.40591
-1.32821 -1.19935 -1.59366 2.39632
-1.38541 -1.16505 -1.57876 2.40191
-1.44661 -1.16055 -1.55406 2.41964
-1.50501 -1.18605 -1.52026 2.44601
-1.56181 -1.23095 -1.48486 2.48179
-1.61931 -1.28195 -1.45796 2.52808
-1.67631 -1.32775 -1.44596 2.58142
-1.72951 -1.36085 -1.45036 2.63565
-1.77531 -1.37585 -1.46886 2.6837
-1.81141 -1.36895 -1.49656 2.71936
-1.83741 -1.33795 -1.52866 2.73916
-1.85481 -1.28315 -1.56176 2.74334
-1.86521 -1.20795 -1.59556 2.73568
-1.87081 -1.11845 -1.63226 2.72307
-1.87421 -1.02195 -1.67436 2.71303
-1.87971 -0.92595 -1.72366 2.71325
-1.89201 -0.83845 -1.77936 2.72925
-1.91291 -0.76925 -1.83736 2.76168
-1.93561 -0.73055 -1.89026 2.80239
-1.94581 -0.73465 -1.92996 2.83736
-1.94291 -0.78205 -1.95476 2.86489
-1.94551 -0.85615 -1.96936 2.89765
-1.96951 -0.93295 -1.97596 2.94173
-2.01701 -0.99425 -1.97466 2.99268
-2.07401 -1.03525 -1.96686 3.04003
-2.12091 -1.05845 -1.95356 3.07164
-2.14261 -1.06865 -1.93366 3.07763
-2.12921 -1.07315 -1.90386 3.05121
-2.07581 -1.08045 -1.86186 2.99046
-1.98551 -1.09415 -1.80896 2.9003
-1.87121 -1.11185 -1.75086 2.79341
-1.75121 -1.12885 -1.69236 2.68424
-1.64391 -1.13965 -1.63486 2.58341
-1.56181 -1.14035 -1.57716 2.49541
-1.50811 -1.13525 -1.52016 2.42365
-1.47971 -1.13405 -1.46786 2.37281
-1.47291 -1.14405 -1.42426 2.34666
-1.48411 -1.16765 -1.39126 2.34555
-1.50861 -1.20495 -1.36846 2.36654
-1.54001 -1.25505 -1.35396 2.40416
-1.57351 -1.31545 -1.34696 2.4537
-1.60751 -1.37895 -1.34996 2.51157
-1.64221 -1.43525 -1.36666 2.57382
-1.67581 -1.47515 -1.39826 2.6343
-1.70371 -1.49315 -1.44276 2.68583
-1.72071 -1.48675 -1.49576 2.72187
-1.72341 -1.45545 -1.55246 2.73836
-1.71231 -1.40025 -1.60826 2.73481
-1.69271 -1.32405 -1.65906 2.71493
-1.67211 -1.23435 -1.70226 2.6865
-1.65711 -1.14605 -1.73556 2.65925
-1.65431 -1.07705 -1.75586 2.64193
-1.67121 -1.03985 -1.75956 2.64013
-1.71331 -1.03555 -1.74546 2.65602
-1.77811 -1.05495 -1.71566 2.68665
-1.85541 -1.08395 -1.67516 2.72464
-1.93121 -1.10915 -1.62876 2.7591
-1.99211 -1.12095 -1.57966 2.77855
-2.02881 -1.11335 -1.53026 2.7744
-2.03761 -1.08555 -1.48316 2.74409
-2.01961 -1.04175 -1.44246 2.69161
-1.97921 -0.98965 -1.41276 2.62537
-1.92211 -0.93815 -1.39726 2.55479
-1.85641 -0.89515 -1.39506 2.48872
-1.79211 -0.86605 -1.39986 2.43337
-1.74061 -0.85215 -1.40096 2.39135
-1.70901 -0.85305 -1.38866 2.36152
-1.69671 -0.87085 -1.36086 2.34289
-1.69791 -0.90915 -1.32336 2.33682
-1.70691 -0.96775 -1.28496 2.34546
-1.72031 -1.04135 -1.25406 2.36992
-1.73501 -1.12195 -1.23576 2.40752
-1.74771 -1.20125 -1.23216 2.45269
-1.75511 -1.27185 -1.24276 2.49849
-1.75481 -1.32695 -1.26496 2.53777
-1.74631 -1.35965 -1.29476 2.56411
-1.73111 -1.36385 -1.32746 2.57274
-1.71161 -1.33785 -1.35906 2.56252
-1.68681 -1.29365 -1.38606 2.53772
-1.64691 -1.26475 -1.40026 2.50452
-1.58201 -1.28225 -1.39266 2.46707
-1.51151 -1.32455 -1.36906 2.43175
-1.45981 -1.36225 -1.33576 2.4023
-1.43511 -1.38485 -1.29596 2.37842
-1.43411 -1.39455 -1.25546 2.3617
-1.45091 -1.39685 -1.22176 2.35564
-1.48141 -1.39455 -1.20116 2.36265
-1.52351 -1.38795 -1.19736 2.38352
-1.57651 -1.37705 -1.21106 2.41833
-1.64011 -1.36135 -1.24126 2.46657
-1.71291 -1.34135 -1.28576 2.52714
-1.79161 -1.31805 -1.34106 2.59722
-1.86751 -1.29535 -1.40066 2.66971
-1.92391 -1.28165 -1.45416 2.73105
-1.94611 -1.28445 -1.49176 2.76812
-1.94101 -1.29585 -1.51486 2.78236
-1.92961 -1.29775 -1.52816 2.78259
-1.92841 -1.27755 -1.53106 2.77399
-1.94031 -1.23585 -1.52416 2.75956
-1.95871 -1.18395 -1.51096 2.7425
-1.97731 -1.13185 -1.49406 2.72453
-1.99391 -1.08545 -1.47446 2.70701
-2.00821 -1.04665 -1.45236 2.6903
-2.02051 -1.01635 -1.42786 2.67474
-2.02941 -0.99575 -1.40026 2.65909
-2.03121 -0.98815 -1.36796 2.64075
-2.01901 -0.99975 -1.32756 2.61502
-1.98701 -1.03685 -1.27786 2.57996
-1.93601 -1.10075 -1.22396 2.54123
-1.87171 -1.18805 -1.17506 2.50909
-1.80021 -1.29265 -1.13806 2.49136
-1.72821 -1.40515 -1.11426 2.49053
-1.66691 -1.50835 -1.09666 2.50127
-1.63141 -1.58095 -1.07026 2.51125
-1.62471 -1.61555 -1.03426 2.51384
-1.63661 -1.62115 -1.00956 2.51512
-1.65881 -1.60555 -1.01176 2.52054
-1.68701 -1.57435 -1.04326 2.53238
-1.71701 -1.53315 -1.09736 2.55007
-1.74061 -1.49105 -1.16056 2.56902
-1.74301 -1.46265 -1.21556 2.57973
-1.71331 -1.45845 -1.25136 2.57457
-1.66231 -1.47345 -1.27096 2.55923
-1.60801 -1.49945 -1.28196 2.54509
-1.55971 -1.53345 -1.28966 2.53917
-1.51931 -1.57495 -1.29666 2.54364
-1.48601 -1.62085 -1.30336 2.55619
-1.46151 -1.66045 -1.30586 2.56873
-1.45401 -1.67165 -1.29366 2.56556
-1.46811 -1.64245 -1.26146 2.53856
-1.49341 -1.59155 -1.22056 2.50061
-1.52221 -1.53985 -1.18286 2.46727
-1.55351 -1.49725 -1.15356 2.4466
-1.58931 -1.46715 -1.13416 2.44228
-1.63161 -1.44975 -1.12436 2.45522
-1.68121 -1.44305 -1.12406 2.48443
-1.73711 -1.44405 -1.13256 2.52696
-1.79651 -1.44885 -1.14886 2.57808
-1.85351 -1.45495 -1.17016 2.6309
-1.89831 -1.46295 -1.19126 2.67636
-1.91751 -1.47875 -1.20486 2.70467
-1.90501 -1.50265 -1.20606 2.70954
-1.87471 -1.51625 -1.19216 2.68976
-1.85041 -1.49815 -1.15746 2.6473
-1.83801 -1.44965 -1.10336 2.58789
-1.82851 -1.38765 -1.04166 2.52073
-1.81781 -1.32515 -0.982857 2.45488
-1.80711 -1.26825 -0.934257 2.39728
-1.79811 -1.21925 -0.900257 2.35164
-1.79191 -1.17855 -0.883657 2.31965
-1.78921 -1.14635 -0.885657 2.30213
-1.79081 -1.12225 -0.906257 2.29951
-1.79851 -1.10555 -0.943957 2.31256
-1.81451 -1.09525 -0.995657 2.34166
-1.84041 -1.09075 -1.05516 2.38542
-1.87371 -1.09355 -1.11216 2.43794
-1.90211 -1.10905 -1.14996 2.48403
-1.90931 -1.14445 -1.15266 2.50676
-1.89831 -1.19505 -1.12426 2.50912
-1.88451 -1.24855 -1.08146 2.50595
-1.87581 -1.29645 -1.03666 2.50482
-1.87331 -1.33495 -0.996457 2.50685
-1.87561 -1.36245 -0.963457 2.51046
-1.88161 -1.37855 -0.939257 2.51457
-1.89061 -1.38275 -0.924557 2.51818
-1.90221 -1.37445 -0.920657 2.52094
-1.91621 -1.35325 -0.928857 2.52308
-1.93201 -1.31945 -0.948757 2.52463
-1.94601 -1.27745 -0.975757 2.52407
-1.94621 -1.23995 -0.996157 2.51347
-1.91351 -1.22665 -0.990857 2.47951
-1.85341 -1.23895 -0.960657 2.42755
-1.79301 -1.26355 -0.923757 2.38008
-1.74841 -1.29255 -0.892957 2.35053
-1.72501 -1.32275 -0.875457 2.34345
-1.72271 -1.35185 -0.875157 2.3582
-1.73981 -1.37795 -0.894257 2.39278
-1.77341 -1.39945 -0.932157 2.44384
-1.81951 -1.41465 -0.986057 2.50682
-1.87211 -1.42215 -1.04986 2.57478
-1.91991 -1.42355 -1.11436 2.63711
-1.94311 -1.42845 -1.16846 2.67982
-1.92421 -1.44685 -1.20446 2.69197
-1.87591 -1.46525 -1.22536 2.67722
-1.82761 -1.46025 -1.23506 2.64535
-1.79681 -1.42565 -1.23556 2.6053
-1.78291 -1.37455 -1.23086 2.56577
-1.77961 -1.32365 -1.22326 2.53287
-1.78151 -1.28425 -1.21226 2.50852
-1.78421 -1.26295 -1.19596 2.49174
-1.78341 -1.26305 -1.17236 2.47997
-1.77611 -1.28465 -1.14166 2.47149
-1.76221 -1.32465 -1.10696 2.46687
-1.74441 -1.37645 -1.07256 2.46738
-1.72781 -1.43095 -1.04136 2.47333
-1.72011 -1.47615 -1.01146 2.48211
-1.72751 -1.50205 -0.978957 2.48974
-1.74721 -1.50745 -0.945357 2.49376
-1.76941 -1.49865 -0.919357 2.49439
-1.78591 -1.48315 -0.908957 2.49307
-1.79201 -1.46645 -0.918257 2.49098
-1.78521 -1.45255 -0.947057 2.48873
-1.76531 -1.44475 -0.992357 2.48765
-1.73331 -1.44555 -1.04896 2.48884
-1.69231 -1.45725 -1.11126 2.49447
-1.64731 -1.48055 -1.17406 2.50681
-1.60451 -1.51445 -1.23366 2.52783
-1.57061 -1.55455 -1.28766 2.55764
-1.55131 -1.59395 -1.33446 2.59384
-1.55061 -1.62555 -1.37476 2.63377
-1.56861 -1.64785 -1.41036 2.67676
-1.60061 -1.66615 -1.44316 2.7241
-1.63711 -1.68925 -1.47416 2.77612
-1.66531 -1.72605 -1.50306 2.83049
-1.67341 -1.78105 -1.52936 2.88295
-1.66121 -1.84595 -1.55396 2.92949
-1.64361 -1.89695 -1.57796 2.96476
-1.63891 -1.91135 -1.60066 2.98352
-1.64591 -1.89165 -1.62226 2.98648
-1.64841 -1.85795 -1.64416 2.97867
-1.63531 -1.82765 -1.66736 2.96557
-1.60641 -1.80875 -1.69156 2.95186
-1.57081 -1.80075 -1.71556 2.94165
-1.54261 -1.79765 -1.73736 2.93762
-1.53771 -1.79095 -1.75416 2.94094
-1.56701 -1.77395 -1.76426 2.95212
-1.62311 -1.75235 -1.76786 2.97162
-1.67831 -1.74485 -1.76646 2.99693
-1.70691 -1.76605 -1.76216 3.02286
-1.71441 -1.80115 -1.75416 3.04309
-1.72051 -1.82305 -1.74166 3.05238
-1.73611 -1.81635 -1.72516 3.04785
-1.75921 -1.77865 -1.70526 3.02759
-1.78081 -1.71735 -1.68166 2.99141
-1.79031 -1.64745 -1.65436 2.94214
-1.77881 -1.58745 -1.62306 2.88418
-1.74851 -1.54875 -1.58736 2.82412
-1.71861 -1.53065 -1.54656 2.77279
-1.71151 -1.52685 -1.50036 2.74073
-1.73821 -1.52975 -1.44816 2.73106
-1.79361 -1.53255 -1.38926 2.73784
-1.85981 -1.53285 -1.32346 2.74956
-1.91501 -1.53075 -1.24946 2.75166
-1.94481 -1.52585 -1.16546 2.73291
-1.94761 -1.51545 -1.07206 2.69056
-1.93051 -1.49765 -0.974257 2.6304
-1.90181 -1.47345 -0.879357 2.56148
-1.86761 -1.44585 -0.794657 2.49197
